NAME,R,RUPPER,RLOWER,MSINI,MSINIUPPER,MSINILOWER,I,PER,A,AUPPER,ALOWER,TEFF,TEFFUPPER,TEFFLOWER,RSTAR,RSTARUPPER,RSTARLOWER,ECC,FIRSTREF,FIRSTURL,ORBREF,ORBURL
,rjupiter,rjupiter,rjupiter,mjupiter,mjupiter,mjupiter,deg,day,au,au,au,k,k,k,rsun,rsun,rsun,,,,,
55 Cnc e,0.1855649948,0.0142742004,0.0142742004,0.0245724712,0.0020408733,0.0020408733,83.4000015259,0.736543,0.0154392142,0.0002573203,0.0002573203,5196,24,24,0.9430000186,0.0099999998,0.0099999998,0.057,McArthur 2004,http://adsabs.harvard.edu/abs/2004ApJ...614L..81M,Demory 2011,http://adsabs.harvard.edu/abs/2011A%26A...533A.114D
CoRoT-1 b,1.4900000095,0.0799999982,0.0799999982,1.0260266066,0.1235662699,0.1235662699,85.0999984741,1.5089557,0.0253190771,0.001332583,0.001332583,5950,150,150,1.1100000143,0.0500000007,0.0500000007,0,Barge 2008,http://adsabs.harvard.edu/abs/2008A%26A...482L..17B,Barge 2008,http://adsabs.harvard.edu/abs/2008A%26A...482L..17B
CoRoT-10 b,0.9700000286,0.0700000003,0.0700000003,2.7544760704,0.160035491,0.160035491,88.5500030518,13.2406,0.1054634601,0.0019749715,0.0019749715,5075,75,75,0.7900000215,0.0500000007,0.0500000007,0.5299999714,Bonomo 2010,http://adsabs.harvard.edu/abs/2010A&A...520A..65B,Bonomo 2010,http://adsabs.harvard.edu/abs/2010A&A...520A..65B
CoRoT-11 b,1.4299999475,0.0299999993,0.0299999993,2.3314628601,0.342012763,0.342012763,83.1699981689,2.99433,0.0440549105,0.0007342485,0.0007342485,6440,120,120,1.3700000048,0.0299999993,0.0299999993,0,Gandolfi 2010,http://adsabs.harvard.edu/abs/2010A&A...524A..55G,Gandolfi 2010,http://adsabs.harvard.edu/abs/2010A&A...524A..55G
CoRoT-12 b,1.4400000572,0.1299999952,0.1299999952,0.9163208604,0.0706803054,0.0706803054,85.4800033569,2.828042,0.0401409268,0.0009247061,0.0009247061,5675,80,80,1.1160000563,0.0960000008,0.0919999928,0.0700000003,Gillon 2010,http://adsabs.harvard.edu/abs/2010A%26A...520A..97G,Gillon 2010,http://adsabs.harvard.edu/abs/2010A%26A...520A..97G
CoRoT-13 b,0.8849999905,0.0140000004,0.0140000004,1.3102049828,0.0774258524,0.0774258524,88.0199966431,4.03519,0.0510689989,0.00085115,0.00085115,5945,90,90,1.0099999905,0.0299999993,0.0299999993,0,Cabrera 2010,http://adsabs.harvard.edu/abs/2010A&A...522A.110C,Cabrera 2010,http://adsabs.harvard.edu/abs/2010A&A...522A.110C
CoRoT-14 b,1.0900000334,0.0700000003,0.0700000003,7.568230629,0.4530472457,0.4530472457,79.5999984741,1.51214,0.0269122422,0.000714486,0.000714486,6035,100,100,1.2100000381,0.0799999982,0.0799999982,0,Tingley 2011,http://adsabs.harvard.edu/abs/2011A%26A...528A..97T,Tingley 2011,http://adsabs.harvard.edu/abs/2011A%26A...528A..97T
CoRoT-17 b,1.0199999809,0.0700000003,0.0700000003,2.4589779377,0.2774016261,0.2774016261,88.3399963379,3.7681,0.0480498746,0.0015400623,0.0015400623,5740,80,80,1.5120999813,0.0494171008,0.0494171008,0,Csizmadia 2011,http://adsabs.harvard.edu/abs/2011A%26A...531A..41C,Csizmadia 2011,http://adsabs.harvard.edu/abs/2011A%26A...531A..41C
CoRoT-18 b,1.3099999428,0.1800000072,0.1800000072,3.4800195694,0.375551343,0.375551343,86.5,1.9000693,0.0295483116,0.0015551744,0.0015551744,5440,100,100,1,0.1299999952,0.1299999952,0.0399999991,Hebrard 2011,http://adsabs.harvard.edu/abs/2011A%26A...533A.130H,Hebrard 2011,http://adsabs.harvard.edu/abs/2011A%26A...533A.130H
CoRoT-19 b,1.2899999619,0.0299999993,0.0299999993,1.1072428226,0.0644028783,0.0644028783,88,3.89713,0.051660426,0.0008610071,0.0008610071,6090,70,70,1.6499999762,0.0399999991,0.0399999991,0.0469999984,Guenther 2012,http://adsabs.harvard.edu/abs/2012A%26A...537A.136G,Guenther 2012,http://adsabs.harvard.edu/abs/2012A%26A...537A.136G
CoRoT-2 b,1.4650000334,0.0289999992,0.0289999992,3.2737650871,0.1576465368,0.1576465368,87.8399963379,1.7429964,0.0280884039,0.0005791423,0.0005791423,5625,120,120,0.90200001,0.0179999992,0.0179999992,0,Alonso 2008,http://adsabs.harvard.edu/abs/2008A%26A...482L..21A,Alonso 2008,http://adsabs.harvard.edu/abs/2008A%26A...482L..21A
CoRoT-4 b,1.1900000572,0.0549999997,0.0549999997,0.7174189091,0.0723896846,0.0723896846,90,9.20205,0.090316616,0.0015052789,0.0015052789,6190,60,60,1.1699999571,0.0099999998,0.0299999994,0,Moutou 2008 ; Aigrain 2008,http://adsabs.harvard.edu/abs/2008A%26A...488L..47M ; http://adsabs.harvard.edu/abs/2008A%26A...488L..43A,Moutou 2008,http://adsabs.harvard.edu/abs/2008A%26A...488L..47M
CoRoT-5 b,1.3880000114,0.0460000001,0.0470000021,0.4613124132,0.0395128839,0.0395128839,85.8300018311,4.0378962,0.0496333614,0.0008272243,0.0008272243,6100,65,65,1.1859999895,0.0399999991,0.0399999991,0.0900000036,Rauer 2009,http://adsabs.harvard.edu/abs/2009A%26A...506..281R,Rauer 2009,http://adsabs.harvard.edu/abs/2009A%26A...506..281R
CoRoT-6 b,1.1660000086,0.0350000001,0.0350000001,2.9532494545,0.3313791156,0.3313791156,89.0699996948,8.886593,0.0854177177,0.0014236287,0.0014236287,6090,50,50,1.0249999762,0.0260000005,0.0260000005,0,Fridlund 2010,http://adsabs.harvard.edu/abs/2010A%26A...512A..14F,Fridlund 2010,http://adsabs.harvard.edu/abs/2010A%26A...512A..14F
CoRoT-7 b,0.1498000026,0.0080300001,0.0080300001,0.0155646047,0.0027181909,0.0027181909,80.0999984741,0.853585,0.0171896741,0.0002864948,0.0002864948,5275,75,75,0.8700000048,0.0399999991,0.0399999991,0,Queloz 2009 ; Leger 2009,http://adsabs.harvard.edu/abs/2009A%26A...506..303Q ; http://adsabs.harvard.edu/abs/2009A%26A...506..287L,Queloz 2009,http://adsabs.harvard.edu/abs/2009A%26A...506..303Q
CoRoT-8 b,0.5699999928,0.0199999996,0.0199999996,0.2159938514,0.0340008587,0.0340008587,88.4000015259,6.21229,0.0633824691,0.0010563745,0.0010563745,5080,80,80,0.7699999809,0.0199999996,0.0199999996,0,Borde 2010,http://adsabs.harvard.edu/abs/2010A%26A...520A..66B,Borde 2010,http://adsabs.harvard.edu/abs/2010A%26A...520A..66B
CoRoT-9 b,1.0499999523,0.0399999991,0.0399999991,0.8435639143,0.072387591,0.072387591,89.9899978638,95.2738,0.4069911242,0.0067831865,0.0067831865,5625,80,80,0.9399999976,0.0399999991,0.0399999991,0.1099999994,Deeg 2010,http://adsabs.harvard.edu/abs/2010Natur.464..384D,Deeg 2010,http://adsabs.harvard.edu/abs/2010Natur.464..384D
GJ 1214 b,0.2389000058,0.0115900002,0.0115900002,0.0203507021,0.0031335354,0.0031335354,90,1.58040482,0.0143252835,0.0005778776,0.0005778776,3026,130,130,0.2109999955,0.0097000003,0.0097000003,0,Charbonneau 2009,http://adsabs.harvard.edu/abs/2009Natur.462..891C,Carter 2011,http://adsabs.harvard.edu/abs/2011ApJ...730...82C
GJ 436 b,0.3767000139,0.0082,0.0092000002,0.0725512281,0.0031829705,0.0031829705,86.3600006104,2.64385,0.0287187845,0.0004786469,0.0004786469,3350,300,300,0.4639999866,0.0089999996,0.011,0.1599999964,Butler 2004,http://adsabs.harvard.edu/abs/2004ApJ...617..580B,Maness 2007,http://adsabs.harvard.edu/abs/2007PASP..119...90M
HAT-P-1 b,1.2419999838,0.0529999994,0.0529999994,0.5311428308,0.0303524099,0.0303524099,86.1100006104,4.4652934,0.0553326234,0.0012534899,0.0012534899,5975,120,120,1.1349999905,0.0480000004,0.0480000004,0,Bakos 2007,http://adsabs.harvard.edu/abs/2007ApJ...656..552B,Bakos 2007,http://adsabs.harvard.edu/abs/2007ApJ...656..552B
HAT-P-11 b,0.4219999909,0.0140000004,0.0140000004,0.0825070888,0.0090014143,0.0090014143,88.5,4.8878162,0.0525442883,0.0008757382,0.0008757382,4780,50,50,0.75,0.0199999996,0.0199999996,0.1979999989,Bakos 2010,http://adsabs.harvard.edu/abs/2010ApJ...710.1724B,Bakos 2010,http://adsabs.harvard.edu/abs/2010ApJ...710.1724B
HAT-P-12 b,0.9589999914,0.0289999992,0.0210000016,0.2107716501,0.0132095404,0.0132095404,89,3.2130598,0.0383736603,0.000639561,0.000639561,4650,60,60,0.7009999752,0.0170000009,0.0119999983,0,Hartman 2009,http://adsabs.harvard.edu/abs/2009ApJ...706..785H,Hartman 2009,http://adsabs.harvard.edu/abs/2009ApJ...706..785H
HAT-P-13 b,1.2810000181,0.0790000036,0.0790000036,0.8513996601,0.0353823006,0.0353823006,83.4000015259,2.91625,0.0426945761,0.0008748889,0.0008748889,5653,90,90,1.5599999428,0.0799999982,0.0799999982,0.0132999998,Bakos 2009,http://adsabs.harvard.edu/abs/2009ApJ...707..446B,Winn 2010,http://adsabs.harvard.edu/abs/2010ApJ...718..575W
HAT-P-14 b,1.1499999762,0.0520000011,0.0520000011,2.2216575146,0.08133059,0.08133059,83.5,4.627669,0.0606257506,0.0010104292,0.0010104292,6600,90,90,1.4680000544,0.0540000014,0.0540000014,0.1070000008,Torres 2010,http://adsabs.harvard.edu/abs/2010ApJ...715..458T,Torres 2010,http://adsabs.harvard.edu/abs/2010ApJ...715..458T
HAT-P-15 b,1.0720000267,0.0430000015,0.0430000015,1.9512956142,0.0755913928,0.0755913928,89.0999984741,10.863502,0.0964692384,0.0016078206,0.0016078206,5568,90,90,1.0800000429,0.0390000008,0.0390000008,0.1899999976,Kovacs 2010,http://adsabs.harvard.edu/abs/2010ApJ...724..866K,Kovacs 2010,http://adsabs.harvard.edu/abs/2010ApJ...724..866K
HAT-P-16 b,1.2890000343,0.0659999996,0.0659999996,4.1950984001,0.1415761262,0.1415761262,86.5999984741,2.77596,0.0413275436,0.0006887924,0.0006887924,6158,80,80,1.2369999886,0.0540000014,0.0540000014,0.0359999985,Buchhave 2010,http://adsabs.harvard.edu/abs/2010ApJ...720.1118B,Buchhave 2010,http://adsabs.harvard.edu/abs/2010ApJ...720.1118B
HAT-P-17 b,1.0099999905,0.0289999992,0.0289999992,0.5301064253,0.0195218772,0.0195218772,89.1999969482,10.338523,0.0882384554,0.001470641,0.001470641,5246,80,80,0.8370000124,0.0209999997,0.0209999997,0.3459999859,Howard 2012,http://adsabs.harvard.edu/abs/2012ApJ...749..134H,Howard 2012,http://adsabs.harvard.edu/abs/2012ApJ...749..134H
HAT-P-18 b,0.9950000048,0.0520000011,0.0520000011,0.1971617639,0.0133916121,0.0133916121,88.8000030518,5.508023,0.0559503287,0.0009325055,0.0009325055,4803,80,80,0.7490000129,0.0370000005,0.0370000005,0.0839999989,Hartman 2011,http://adsabs.harvard.edu/abs/2011ApJ...726...52H,Hartman 2011,http://adsabs.harvard.edu/abs/2011ApJ...726...52H
HAT-P-19 b,1.1319999695,0.0719999969,0.0719999969,0.2921290696,0.0175741818,0.0175741818,88.1999969482,4.008778,0.0466408543,0.0007773476,0.0007773476,4990,130,130,0.8199999928,0.0480000004,0.0480000004,0.0670000017,Hartman 2011,http://adsabs.harvard.edu/abs/2011ApJ...726...52H,Hartman 2011,http://adsabs.harvard.edu/abs/2011ApJ...726...52H
HAT-P-2 b,1.1569999456,0.0729999989,0.0630000085,8.8561229706,0.4058999419,0.4058999419,86.7200012207,5.6334729,0.0679087639,0.0014363984,0.0014363984,6290,60,60,1.506000042,0.1299999952,0.0960000008,0.5170999765,Bakos 2007,http://adsabs.harvard.edu/abs/2007ApJ...670..826B,Pal 2010,http://adsabs.harvard.edu/abs/2010MNRAS.401.2665P
HAT-P-20 b,0.8669999838,0.0329999998,0.0329999998,7.2781653404,0.2471767366,0.2471767366,86.8000030518,2.875317,0.0361600108,0.0006026669,0.0006026669,4595,80,80,0.6940000057,0.0209999997,0.0209999997,0.0149999997,Bakos 2011,http://adsabs.harvard.edu/abs/2011ApJ...742..116B,Bakos 2011,http://adsabs.harvard.edu/abs/2011ApJ...742..116B
HAT-P-21 b,1.0240000486,0.0920000002,0.0920000002,4.0734591484,0.1726607084,0.1726607084,87.1999969482,4.124481,0.049495142,0.000824919,0.000824919,5588,80,80,1.1050000191,0.0829999968,0.0829999968,0.2280000001,Bakos 2011,http://adsabs.harvard.edu/abs/2011ApJ...742..116B,Bakos 2011,http://adsabs.harvard.edu/abs/2011ApJ...742..116B
HAT-P-22 b,1.0800000429,0.0579999983,0.0579999983,2.1482203007,0.0771819502,0.0771819502,86.9000015259,3.21222,0.0414093956,0.0006901566,0.0006901566,5302,80,80,1.0399999619,0.0439999998,0.0439999998,0.0160000008,Bakos 2011,http://adsabs.harvard.edu/abs/2011ApJ...742..116B,Bakos 2011,http://adsabs.harvard.edu/abs/2011ApJ...742..116B
HAT-P-23 b,1.3680000305,0.0900000036,0.0900000036,2.0884017944,0.1220329627,0.1220329627,85.0999984741,1.212884,0.0231971163,0.0003866186,0.0003866186,5905,80,80,1.2029999495,0.074000001,0.074000001,0.1059999987,Bakos 2011,http://adsabs.harvard.edu/abs/2011ApJ...742..116B,Bakos 2011,http://adsabs.harvard.edu/abs/2011ApJ...742..116B
HAT-P-24 b,1.2419999838,0.0670000017,0.0670000017,0.6856520176,0.0362278558,0.0362278558,88.5999984741,3.35524,0.0465020798,0.0007750347,0.0007750347,6373,80,80,1.3170000315,0.0680000037,0.0680000037,0.0670000017,Kipping 2010,http://adsabs.harvard.edu/abs/2010ApJ...725.2017K,Kipping 2010,http://adsabs.harvard.edu/abs/2010ApJ...725.2017K
HAT-P-26 b,0.5649999976,0.0520000011,0.0520000011,0.0586313494,0.0071830074,0.0071830074,88.5999984741,4.234516,0.047868412,0.0007978069,0.0007978069,5079,88,88,0.7879999876,0.0979999974,0.0430000052,0.123999998,Hartman 2011,http://adsabs.harvard.edu/abs/2011ApJ...728..138H,Hartman 2011,http://adsabs.harvard.edu/abs/2011ApJ...728..138H
HAT-P-27 b,1.0379999876,0.0680000037,0.0499999971,0.6142287254,0.0901039764,0.0901039764,85.0100021362,3.0395589,0.039963074,0.0006660512,0.0006660512,5246,153,153,0.8640000224,0.0309999995,0.0309999995,0,Anderson 2011,http://adsabs.harvard.edu/abs/2011PASP..123..555A,Anderson 2011,http://adsabs.harvard.edu/abs/2011PASP..123..555A
HAT-P-28 b,1.2120000124,0.0974999964,0.0974999964,0.627450645,0.0375045836,0.0375045836,88,3.257215,0.0433673933,0.0007227899,0.0007227899,5680,90,90,1.1030000448,0.0909999982,0.0689999982,0.050999999,Buchhave 2011,http://adsabs.harvard.edu/abs/2011ApJ...733..116B,Buchhave 2011,http://adsabs.harvard.edu/abs/2011ApJ...733..116B
HAT-P-29 b,1.1069999933,0.1089999974,0.1089999974,0.778006494,0.0641995221,0.0641995221,87.0999984741,5.723186,0.0666842461,0.0011114042,0.0011114042,6087,88,88,1.2239999771,0.1330000013,0.0750000029,0.0949999988,Buchhave 2011,http://adsabs.harvard.edu/abs/2011ApJ...733..116B,Buchhave 2011,http://adsabs.harvard.edu/abs/2011ApJ...733..116B
HAT-P-3 b,0.898999989,0.0430000015,0.0489999987,0.5950213075,0.0248415153,0.0248415153,87.2399978638,2.899703,0.0388251767,0.0006833456,0.0006833456,5185,80,80,0.8330000043,0.0340000018,0.0439999998,0,Torres 2007,http://adsabs.harvard.edu/abs/2007ApJ...666L.121T,Torres 2008,http://adsabs.harvard.edu/abs/2008ApJ...677.1324T
HAT-P-30 b,1.3400000334,0.0649999976,0.0649999976,0.7066569328,0.0354378261,0.0354378261,83.5999984741,2.810595,0.0419042259,0.0006984038,0.0006984038,6304,88,88,1.2150000334,0.050999999,0.050999999,0.0350000001,Johnson 2011,http://adsabs.harvard.edu/abs/2011ApJ...735...24J,Johnson 2011,http://adsabs.harvard.edu/abs/2011ApJ...735...24J
HAT-P-31 b,1.0700000525,0.4799999893,0.3200000227,2.1662669182,0.0907294527,0.0907294527,87.0999984741,5.005425,0.0611920729,0.0012727417,0.0012727417,6065,100,100,1.3600000143,0.2700000107,0.1799999773,0.2450000048,Kipping 2011,http://adsabs.harvard.edu/abs/2011AJ....142...95K,Kipping 2011,http://adsabs.harvard.edu/abs/2011AJ....142...95K
HAT-P-32 b,2.0369999409,0.0989999995,0.0989999995,0.9505614638,0.1694972664,0.1694972664,88.6999969482,2.150009,0.0344202593,0.000573671,0.000573671,6001,88,88,1.3869999647,0.0670000017,0.0670000017,0.1630000025,Hartman 2011,http://adsabs.harvard.edu/abs/2011ApJ...742...59H,Hartman 2011,http://adsabs.harvard.edu/abs/2011ApJ...742...59H
HAT-P-33 b,1.8270000219,0.2899999917,0.2899999917,0.7650699019,0.1166200414,0.1166200414,86.6999969482,3.474474,0.0502682514,0.0011465318,0.0011465318,6401,88,88,1.7769999504,0.0280000009,0.0280000009,0.1480000019,Hartman 2011,http://adsabs.harvard.edu/abs/2011ApJ...742...59H,Hartman 2011,http://adsabs.harvard.edu/abs/2011ApJ...742...59H
HAT-P-34 b,1.1970000267,0.1280000061,0.0919999927,3.329729557,0.2417687476,0.2417687476,87.0999984741,5.452654,0.0677467361,0.0011291123,0.0011291123,6442,88,88,1.1970000267,0.1280000061,0.0919999927,0.4410000145,Bakos 2012,http://xxx.lanl.gov/abs/1201.0659,Bakos 2012,http://xxx.lanl.gov/abs/1201.0659
HAT-P-35 b,1.3320000172,0.0979999974,0.0979999974,1.0530458689,0.0400093384,0.0400093384,87.3000030518,3.646706,0.0497734249,0.0008295571,0.0008295571,6096,88,88,1.4349999428,0.0839999989,0.0839999989,0.0250000004,Bakos 2012,http://xxx.lanl.gov/abs/1201.0659,Bakos 2012,http://xxx.lanl.gov/abs/1201.0659
HAT-P-36 b,1.2640000582,0.0710000023,0.0710000023,1.8347539902,0.1003601402,0.1003601402,86,1.327347,0.0238228831,0.000397048,0.000397048,5560,100,100,1.0959999561,0.0560000017,0.0560000017,0.063000001,Bakos 2012,http://xxx.lanl.gov/abs/1201.0659,Bakos 2012,http://xxx.lanl.gov/abs/1201.0659
HAT-P-37 b,1.1779999733,0.0769999996,0.0769999996,1.1719037294,0.1051624939,0.1051624939,86.9000015259,2.79736,0.0379272662,0.0006321211,0.0006321211,5500,100,100,0.8769999743,0.0590000004,0.0439999998,0.0579999983,Bakos 2012,http://xxx.lanl.gov/abs/1201.0659,Bakos 2012,http://xxx.lanl.gov/abs/1201.0659
HAT-P-4 b,1.2740000486,0.0489999987,0.0599999987,0.6715065837,0.0359130837,0.0359130837,89.9100036621,3.056536,0.0443852544,0.0010669534,0.0010669534,5860,80,80,1.5959999561,0.0599999987,0.0750000067,0,Kovacs 2007,http://adsabs.harvard.edu/abs/2007ApJ...670L..41K,Kovacs 2007,http://adsabs.harvard.edu/abs/2007ApJ...670L..41K
HAT-P-5 b,1.2539999485,0.050999999,0.0560000018,1.0539109707,0.1133539975,0.1133539975,86.75,2.788491,0.0407151729,0.0007272662,0.0007272662,5960,100,100,1.1649999619,0.0460000001,0.0519999973,0,Bakos 2007,http://adsabs.harvard.edu/abs/2007ApJ...671L.173B,Bakos 2007,http://adsabs.harvard.edu/abs/2007ApJ...671L.173B
HAT-P-6 b,1.3300000429,0.064000003,0.0579999984,1.0563187599,0.0522927754,0.0522927754,85.5100021362,3.852985,0.0523738377,0.0008796639,0.0008796639,6570,80,80,1.4600000381,0.0599999987,0.0599999987,0,Noyes 2008,http://adsabs.harvard.edu/abs/2008ApJ...673L..79N,Noyes 2008,http://adsabs.harvard.edu/abs/2008ApJ...673L..79N
HAT-P-7 b,1.3630000353,0.1949999928,0.0870000124,1.7786644697,0.063181527,0.063181527,80.8000030518,2.2047304,0.0379639193,0.000632732,0.000632732,6389,0,34,1.9809999466,0.0130000003,0.1169999949,0,Pal 2008,http://adsabs.harvard.edu/abs/2008ApJ...680.1450P,Winn 2009,http://adsabs.harvard.edu/abs/2009ApJ...703L..99W
HAT-P-8 b,1.5,0.0700000003,0.0700000003,1.2924089432,0.0542197935,0.0542197935,87.8000030518,3.076337,0.0449612699,0.0007493545,0.0007493545,6200,80,80,1.5800000429,0.0799999982,0.0600000024,0,Latham 2009,http://adsabs.harvard.edu/abs/2009ApJ...704.1107L,Latham 2009,http://adsabs.harvard.edu/abs/2009ApJ...704.1107L
HAT-P-9 b,1.3999999762,0.0599999987,0.0599999987,0.7751526833,0.0893404409,0.0893404409,86.5,3.92289,0.0528645143,0.0017896841,0.0017896841,6350,150,150,1.3200000525,0.0700000003,0.0700000003,0,Shporer 2009,http://adsabs.harvard.edu/abs/2009ApJ...690.1393S,Shporer 2009,http://adsabs.harvard.edu/abs/2009ApJ...690.1393S
HD 149026 b,0.6539999843,0.0599999987,0.0460000001,0.359837383,0.0155986752,0.0155986752,84.5500030518,2.8758911,0.0431325026,0.000718875,0.000718875,6160,50,50,1.3680000305,0.1199999973,0.0829999969,0,Sato 2005,http://adsabs.harvard.edu/abs/2005ApJ...633..465S,Carter 2009,http://adsabs.harvard.edu/abs/2009ApJ...696..241C
HD 17156 b,1.0199999809,0.0799999982,0.0799999982,3.3003549576,0.111560151,0.111560151,87.8160018921,21.21663,0.1631972939,0.002719956,0.002719956,6079,56,56,1.5069999695,0.0120000001,0.0120000001,0.6819000244,Fischer 2007,http://adsabs.harvard.edu/abs/2007ApJ...669.1336F,Barbieri 2009,http://adsabs.harvard.edu/abs/2009A%26A...503..601B
HD 189733 b,1.1380000114,0.0270000007,0.0270000007,1.140391469,0.0562491715,0.0562491715,85.7099990845,2.21857567,0.030995341,0.0006152922,0.0006152922,5040,50,50,0.7559999824,0.0179999992,0.0179999992,0,Bouchy 2005,http://adsabs.harvard.edu/abs/2005A%26A...444L..15B,Bouchy 2005,http://adsabs.harvard.edu/abs/2005A%26A...444L..15B
HD 209458 b,1.3589999676,0.0149999997,0.0149999997,0.6885097027,0.0236456823,0.0236456823,86.7099990845,3.52474859,0.0472349636,0.0007872494,0.0007872494,6065,50,50,1.1549999714,0.0140000004,0.015999999,0,Henry 2000 ; Charbonneau 2000,http://adsabs.harvard.edu/abs/2000ApJ...529L..41H ; http://adsabs.harvard.edu/abs/2000ApJ...529L..45C,Torres 2008,http://adsabs.harvard.edu/abs/2008ApJ...677.1324T
HD 80606 b,1.0290000439,0.0170000009,0.0170000009,3.8902409077,0.1880826056,0.1880826056,89.2850036621,111.4367,0.4473429322,0.0093391016,0.0093391016,5572.509765625,44,44,0.9800000191,0.0700000003,0.0700000003,0.9340000153,Naef 2001,http://adsabs.harvard.edu/abs/2001A%26A...375L..27N,Moutou 2009,http://adsabs.harvard.edu/abs/2009A%26A...498L...5M
KOI-135 b,1.2000000477,0.0599999987,0.0599999987,3.2157287598,0.1838287115,0.1838287115,84.3499984741,3.024095,0.0449294448,0.0010211238,0.0010211238,6041,143,143,1.4199999571,0.0700000003,0.0700000003,0,Borucki 2011,http://adsabs.harvard.edu/abs/2011ApJ...736...19B,Bonomo 2012,http://adsabs.harvard.edu/abs/2012A%26A...538A..96B
KOI-196 b,0.8410000205,0.0320000015,0.0320000015,0.4933273792,0.071185708,0.071185708,88.3000030518,1.855558,0.0289537385,0.0009240555,0.0009240555,5660,100,100,0.9660000205,0.0320000015,0.0320000015,0,Borucki 2011,http://adsabs.harvard.edu/abs/2011ApJ...736...19B,Santerne 2011,http://adsabs.harvard.edu/abs/2011A%26A...536A..70S
KOI-204 b,1.2400000095,0.0700000003,0.0700000003,1.0150771141,0.070065476,0.070065476,83.7799987793,3.24674,0.0454853661,0.0012740998,0.0012740998,5757,134,134,1.5199999809,0.0900000036,0.0900000036,0,Borucki 2011,http://adsabs.harvard.edu/abs/2011ApJ...736...19B,Bonomo 2012,http://adsabs.harvard.edu/abs/2012A%26A...538A..96B
KOI-254 b,0.9599999785,0.1099999994,0.1099999994,0.5107975602,0.0579970963,0.0579970963,87,2.455239,0.0298817437,0.0010129405,0.0010129405,3820,90,90,0.5500000119,0.1099999994,0.1099999994,0.1099999994,Borucki 2011,http://adsabs.harvard.edu/abs/2011ApJ...736...19B,Johnson 2012,http://adsabs.harvard.edu/abs/2012AJ....143..111J
KOI-428 b,1.1699999571,0.0399999991,0.0399999991,2.1768107414,0.3362676799,0.3362676799,89.6999969482,6.87349,0.0806643665,0.0013444155,0.0013444155,6510,100,100,2.1300001144,0.0599999987,0.0599999987,0,Santerne 2011,http://adsabs.harvard.edu/abs/2011A%26A...528A..63S,Santerne 2011,http://adsabs.harvard.edu/abs/2011A%26A...528A..63S
Kepler-10 b,0.1263269931,0.0029440599,0.0032117001,0.0142141953,0.003928306,0.003928306,84.4000015259,0.837495,0.0167573188,0.0003744652,0.0003744652,5627,44,44,1.0559999943,0.0209999997,0.0209999997,0,Batalha 2011,http://adsabs.harvard.edu/abs/2011ApJ...729...27B,Batalha 2011,http://adsabs.harvard.edu/abs/2011ApJ...729...27B
Kepler-11 b,0.175751999,0.0169507004,0.0169507004,0.0135199996,0.0069209998,0.0062910002,88.5,10.30375,0.0910985097,0.003196439,0.003196439,5680,100,100,1.1000000238,0.1000000015,0.1000000015,0,Lissauer 2011,http://adsabs.harvard.edu/abs/2011Natur.470...53L,Lissauer 2011,http://adsabs.harvard.edu/abs/2011Natur.470...53L
Kepler-11 c,0.281024009,0.0267641991,0.0267641991,0.0424700007,0.0151000004,0.019179998,89,13.02502,0.1065041795,0.041106876,0.041106876,5680,100,100,1.1000000238,0.1000000015,0.1000000015,0,Lissauer 2011,http://adsabs.harvard.edu/abs/2011Natur.470...53L,Lissauer 2011,http://adsabs.harvard.edu/abs/2011Natur.470...53L
Kepler-11 d,0.3060039878,0.0285484996,0.0285484996,0.0191935003,0.009753,0.0053500598,89.3000030518,22.68719,0.1541834176,0.0054099448,0.0054099448,5680,100,100,1.1000000238,0.1000000015,0.1000000015,0,Lissauer 2011,http://adsabs.harvard.edu/abs/2011Natur.470...53L,Lissauer 2011,http://adsabs.harvard.edu/abs/2011Natur.470...53L
Kepler-11 e,0.4032480121,0.0017842799,0.0017842799,0.0264261998,0.0078600002,0.00598,88.8000030518,31.9959,0.1938997656,0.0068035005,0.0068035005,5680,100,100,1.1000000238,0.1000000015,0.1000000015,0,Lissauer 2011,http://adsabs.harvard.edu/abs/2011Natur.470...53L,Lissauer 2011,http://adsabs.harvard.edu/abs/2011Natur.470...53L
Kepler-11 f,0.2328490019,0.0223034993,0.0223034993,0.0072300001,0.0069211498,0.0037768502,89.4000015259,46.68876,0.2494533062,0.0087527484,0.0087527484,5680,100,100,1.1000000238,0.1000000015,0.1000000015,0,Lissauer 2011,http://adsabs.harvard.edu/abs/2011Natur.470...53L,Lissauer 2011,http://adsabs.harvard.edu/abs/2011Natur.470...53L
Kepler-12 b,1.6950000525,0.0280000009,0.0319999977,0.4318546057,0.0415478796,0.0415478796,88.7600021362,4.4379637,0.055634778,0.0009272463,0.0009272463,5947,100,100,1.4830000401,0.0250000004,0.029000001,0,Borucki 2011,http://adsabs.harvard.edu/abs/2011ApJ...736...19B,Fortney 2011,http://adsabs.harvard.edu/abs/2011ApJS..197....9F
Kepler-14 b,1.1360000372,0.0729999989,0.0540000051,8.4064311981,0.2935765088,0.2935765088,90,6.790123,0.0806879103,0.0013447985,0.0013447985,6395,60,60,2.0480000973,0.1120000035,0.0839999913,0.0350051001,Borucki 2011,http://adsabs.harvard.edu/abs/2011ApJ...736...19B,Bucchave 2011,http://adsabs.harvard.edu/abs/2011ApJS..197....3B
Kepler-15 b,0.9599999785,0.0700000003,0.0599999949,0.6617703438,0.078969717,0.078969717,87.4400024414,4.942782,0.0571382008,0.0009523034,0.0009523034,5515,122,130,0.9919999838,0.0579999983,0.0700000077,0.1339329928,Borucki 2011,http://adsabs.harvard.edu/abs/2011ApJ...736...19B,Endl 2011,http://adsabs.harvard.edu/abs/2011ApJS..197...13E
Kepler-16 b,0.7537999749,0.0026,0.0023,0.3330000043,0.0160000008,0.0160000008,89.9677963257,228.776,0.646795392,0.0107800569,0.0107800569,4450,150,150,0.6488999724,0.0013,0.0013,0.0068999999,Borucki 2011,http://adsabs.harvard.edu/abs/2011ApJ...736...19B,Doyle 2011,http://adsabs.harvard.edu/abs/2011Sci...333.1602D
Kepler-17 b,1.3300000429,0.0399999991,0.0399999991,2.4765110016,0.1020446196,0.1020446196,87.2200012207,1.4857108,0.0267923046,0.0004619363,0.0004619363,5781,85,85,1.0499999523,0.0299999993,0.0299999993,0,Borucki 2011,http://adsabs.harvard.edu/abs/2011ApJ...736...19B,Desert 2011,http://adsabs.harvard.edu/abs/2011ApJS..197...14D
Kepler-18 b,0.4897849858,0.0231956001,0.0231956001,0.0216243993,0.010697994,0.010697994,84.9199981689,3.504725,0.0447298959,0.0007454983,0.0007454983,5383,44,44,1.1080000401,0.050999999,0.050999999,0,Borucki 2011,http://adsabs.harvard.edu/abs/2011ApJ...736...19B,Cochran 2011,http://adsabs.harvard.edu/abs/2011ApJS..197....7C
Kepler-18 c,0.4897849858,0.0231956001,0.0231956001,0.0543869995,0.0059782903,0.0059782903,87.6800003052,7.64159,0.0752115324,0.0012535256,0.0012535256,5383,44,44,1.1080000401,0.050999999,0.050999999,0.000338541,Borucki 2011,http://adsabs.harvard.edu/abs/2011ApJ...736...19B,Cochran 2011,http://adsabs.harvard.edu/abs/2011ApJS..197....7C
Kepler-18 d,0.6227139831,0.0294406004,0.0294406004,0.0515706018,0.0044050560,0.0044050560,88.0699996948,14.85888,0.1171707809,0.0019528464,0.0019528464,5383,44,44,1.1080000401,0.050999999,0.050999999,0.000521567,Borucki 2011,http://adsabs.harvard.edu/abs/2011ApJ...736...19B,Cochran 2011,http://adsabs.harvard.edu/abs/2011ApJS..197....7C
Kepler-20 b,0.1702470034,0.0106961001,0.0187183003,0.0266148616,0.0066771419,0.0066771419,86.5,3.6961219,0.0453704447,0.0007561741,0.0007561741,5455,100,100,0.9440000057,0.0599999987,0.0950000025,0,Borucki 2011,http://adsabs.harvard.edu/abs/2011ApJ...736...19B,Gautier 2012,http://adsabs.harvard.edu/abs/2012ApJ...749...15G
Kepler-20 c,0.273642987,0.0178268999,0.0276317001,0.0494862311,0.0104281148,0.0104281148,88.3899993896,10.854092,0.0930410549,0.0015506842,0.0015506842,5455,100,100,0.9440000057,0.0599999987,0.0950000025,0,Borucki 2011,http://adsabs.harvard.edu/abs/2011ApJ...736...19B,Gautier 2012,http://adsabs.harvard.edu/abs/2012ApJ...749...15G
Kepler-20 d,0.2451200038,0.0151528995,0.0267402995,0.0236858446,0.0227126591,0.0227126591,89.5699996948,77.61184,0.3453242183,0.0057554035,0.0057554035,5455,100,100,0.9440000057,0.0599999987,0.0950000025,0,Borucki 2011,http://adsabs.harvard.edu/abs/2011ApJ...736...19B,Gautier 2012,http://adsabs.harvard.edu/abs/2012ApJ...749...15G
Kepler-4 b,0.3569999933,0.0189999994,0.0189999994,0.0772271901,0.0128194699,0.0128194699,89.7600021362,3.21346,0.0455763265,0.0008943866,0.0008943866,5857,120,120,1.4869999886,0.0710000023,0.0839999989,0,Borucki 2010,http://adsabs.harvard.edu/abs/2010ApJ...713L.126B,Borucki 2010,http://adsabs.harvard.edu/abs/2010ApJ...713L.126B
Kepler-5 b,1.4309999943,0.0465000011,0.0465000011,2.1122157574,0.0750532523,0.0750532523,86.3000030518,3.54846,0.0506416261,0.0008440271,0.0008440271,6297,60,60,1.7929999828,0.0430000015,0.0619999953,0,Koch 2010,http://adsabs.harvard.edu/abs/2010ApJ...713L.131K,Koch 2010,http://adsabs.harvard.edu/abs/2010ApJ...713L.131K
Kepler-6 b,1.3229999542,0.0260000005,0.0289999993,0.6683321595,0.0309459474,0.0309459474,86.8000030518,3.234723,0.0456089117,0.0007601486,0.0007601486,5647,44,44,1.3910000324,0.0170000009,0.0280000009,0,Dunham 2010,http://adsabs.harvard.edu/abs/2010ApJ...713L.136D,Dunham 2010,http://adsabs.harvard.edu/abs/2010ApJ...713L.136D
Kepler-7 b,1.4780000448,0.0500000007,0.0510000029,0.4369418323,0.038508527,0.038508527,86.5,4.885525,0.0622369125,0.0010372819,0.0010372819,5933,44,44,1.8430000544,0.0480000004,0.0659999996,0,Latham 2010,http://adsabs.harvard.edu/abs/2010ApJ...713L.140L,Latham 2010,http://adsabs.harvard.edu/abs/2010ApJ...713L.140L
Kepler-8 b,1.4190000296,0.0560000017,0.0579999983,0.5826072693,0.1043093428,0.1043093428,84.0699996948,3.52254,0.0483278073,0.0008632337,0.0008632337,6213,150,150,1.4859999418,0.0529999994,0.0620000026,0,Jenkins 2010,http://adsabs.harvard.edu/abs/2010ApJ...724.1108J,Jenkins 2010,http://adsabs.harvard.edu/abs/2010ApJ...724.1108J
OGLE-TR-10 b,1.25,0.1400000006,0.1199999898,0.6266425252,,,90,3.101278,0.0434855074,,,5950,130,130,1.1699999571,0.1299999952,0.1099999994,0,Konacki 2005,http://adsabs.harvard.edu/abs/2005ApJ...624..372K,Torres 2008,http://adsabs.harvard.edu/abs/2008ApJ...677.1324T
OGLE-TR-111 b,1.050999999,0.057,0.0529999994,0.5484809875,,,88.25,4.0161,0.0468861945,,,5040,80,80,0.8309999704,0.0450000018,0.039999999,0,Pont 2004,http://adsabs.harvard.edu/abs/2004A%26A...426L..15P,Torres 2008,http://adsabs.harvard.edu/abs/2008ApJ...677.1324T
OGLE-TR-113 b,1.0930000544,0.0280000009,0.0219999999,1.2550799847,,,87.8000030518,1.4324752,0.0228945892,,,4790,75,75,0.773999989,0.0199999996,0.0109999998,0,Konacki 2004; Bouchy 2004,http://adsabs.harvard.edu/abs/2004ApJ...609L..37K ; http://adsabs.harvard.edu/abs/2004A%26A...421L..13B,Torres 2008,http://adsabs.harvard.edu/abs/2008ApJ...677.1324T
OGLE-TR-132 b,1.2000000477,0.150000006,0.1099999844,1.1694540977,,,83.4000015259,1.689868,0.0303507186,,,6210,75,75,1.3200000525,0.1700000018,0.1199999898,0,Bouchy 2004,http://adsabs.harvard.edu/abs/2004A%26A...421L..13B,Torres 2008,http://adsabs.harvard.edu/abs/2008ApJ...677.1324T
OGLE-TR-182 b,1.1299999952,0.2399999946,0.1400000006,1.0216171741,0.1486814767,0.1486814767,85.6999969482,3.9791,0.0513517372,0.0008558623,0.0008558623,5924,64,64,1.1399999857,0.2300000042,0.0599999874,0,Pont 2008,http://adsabs.harvard.edu/abs/2008A%26A...487..749P,Pont 2008,http://adsabs.harvard.edu/abs/2008A%26A...487..749P
OGLE-TR-211 b,1.3600000143,0.1800000072,0.0900000036,0.7534249425,0.1491394788,0.1491394788,84.2182006836,3.67724,0.0512841679,0.0008547362,0.0008547362,6325,91,91,1.6399999857,0.2099999934,0.0700000078,0,Udalski 2008,http://adsabs.harvard.edu/abs/2008A%26A...482..299U,Udalski 2008,http://adsabs.harvard.edu/abs/2008A%26A...482..299U
OGLE-TR-56 b,1.3630000353,0.0920000002,0.0899999962,1.354477644,,,77.5999984741,1.2119189,0.023830913,,,6050,100,100,1.3630000353,0.0890000015,0.0859999955,0,Konacki 2003,http://adsabs.harvard.edu/abs/2003Natur.421..507K,Torres 2008,http://adsabs.harvard.edu/abs/2008ApJ...677.1324T
OGLE2-TR-L9 b,1.6100000143,0.0399999991,0.0399999991,4.5021271706,1.5090004206,1.5090004206,79.8000030518,2.4855335,0.0413278528,0.00072505,0.00072505,6933,58,58,1.5299999714,0.0399999991,0.0399999991,0,Snellen 2009,http://adsabs.harvard.edu/abs/2009A%26A...497..545S,Snellen 2009,http://adsabs.harvard.edu/abs/2009A%26A...497..545S
Qatar-1 b,1.1640000343,0.0450000018,0.0450000018,1.082717061,0.0850222632,0.0850222632,83.4700012207,1.420033,0.0234308317,0.0003905139,0.0003905139,4861,125,125,0.8230000138,0.0250000004,0.0250000004,0,Alsubai 2011,http://adsabs.harvard.edu/abs/2011MNRAS.417..709A,Alsubai 2011,http://adsabs.harvard.edu/abs/2011MNRAS.417..709A
TrES-1 b,1.0670000315,0.0219999999,0.0210000015,0.752484262,0.0476367325,0.0476367325,90,3.030065,0.0392516293,0.0006541938,0.0006541938,5230,50,50,0.8069999814,0.0170000009,0.0159999989,0,Alonso 2004,http://adsabs.harvard.edu/abs/2004ApJ...613L.153A,Alonso 2004,http://adsabs.harvard.edu/abs/2004ApJ...613L.153A
TrES-2 b,1.2239999771,0.0410000011,0.0410000011,1.1931613684,0.0522426739,0.0522426739,83.5699996948,2.47063,0.0355765484,0.0007359001,0.0007359001,5850,50,50,1.003000021,0.0329999998,0.0329999998,0,O'Donovan 2006,http://adsabs.harvard.edu/abs/2006ApJ...651L..61O,O'Donovan 2006,http://adsabs.harvard.edu/abs/2006ApJ...651L..61O
TrES-3 b,1.3359999657,0.0309999995,0.0370000041,1.8729885817,,,81.8499984741,1.30618581,0.0227177925,,,5650,75,75,0.8119999766,0.0140000004,0.0250000004,0,O'Donovan 2007,http://adsabs.harvard.edu/abs/2007ApJ...663L..37O,Sozzetti 2009,http://adsabs.harvard.edu/abs/2009ApJ...691.1145S
TrES-4 b,1.7510000467,0.064000003,0.061999999,0.9130191803,0.0740366206,0.0740366206,82.8099975586,3.553945,0.0509242974,0.0008487386,0.0008487386,6200,75,75,1.8159999847,0.0649999976,0.0620000064,0,Mandushev 2007,http://adsabs.harvard.edu/abs/2007ApJ...667L.195M,Mandushev 2007,http://adsabs.harvard.edu/abs/2007ApJ...667L.195M
TrES-5 b,1.2089999914,0.0209999997,0.0209999997,1.7699979544,0.0800980851,0.0800980851,84.5289993286,1.4822446,0.0245156772,0.0004085946,0.0004085946,5171,36,36,0.8659999967,0.0130000003,0.0130000003,0,Mandushev 2011,http://adsabs.harvard.edu/abs/2011ApJ...741..114M,Mandushev 2011,http://adsabs.harvard.edu/abs/2011ApJ...741..114M
WASP-1 b,1.5160000324,0.0520000011,0.2480000109,0.8275360465,0.0508036949,0.0508036949,88.6500015259,2.5199449,0.0385202914,0.0006420049,0.0006420049,6110,45,45,1.5169999599,0.0520000011,0.0450000017,0,Collier-Cameron 2007,http://adsabs.harvard.edu/abs/2007MNRAS.375..951C,Simpson 2011,http://adsabs.harvard.edu/abs/2011MNRAS.414.3023S
WASP-10 b,1.0800000429,0.0199999996,0.0199999996,3.1886870861,0.1197739318,0.1197739318,88.4899978638,3.0927636,0.0384535752,0.0006408929,0.0006408929,4675,100,100,0.7749999762,0.0430000015,0.0399999953,0.0599999987,Christian 2009,http://adsabs.harvard.edu/abs/2009MNRAS.392.1585C,Christian 2009,http://adsabs.harvard.edu/abs/2009MNRAS.392.1585C
WASP-11 b,0.9100000262,0.0599999987,0.0300000049,0.5397520661,0.0518702753,0.0518702753,89.8000030518,3.722465,0.0436465703,0.0007274428,0.0007274428,4800,100,100,0.7400000095,0.0399999991,0.0300000011,0,West 2009 ; Bakos 2009,http://adsabs.harvard.edu/abs/2009A%26A...502..395W ; http://adsabs.harvard.edu/abs/2009ApJ...696.1950B,West 2009,http://adsabs.harvard.edu/abs/2009A%26A...502..395W
WASP-12 b,1.7899999619,0.0900000036,0.0900000036,1.348993063,0.0509218089,0.0509218089,82.5,1.09142245,0.022532912,0.0003755486,0.0003755486,6300,200,100,1.6299999952,0.0799999982,0.0799999982,0.0489999987,Hebb 2009,http://adsabs.harvard.edu/abs/2009ApJ...693.1920H,Maciejewski 2011,http://adsabs.harvard.edu/abs/2011A%26A...528A..65M
WASP-13 b,1.3890000582,0.0450000018,0.0560000018,0.477697432,0.0616703294,0.0616703294,85.1900024414,4.353011,0.0537034795,0.000895058,0.000895058,5826,100,100,1.5119999647,0.0309999995,0.0409999975,0,Skillen 2009,http://adsabs.harvard.edu/abs/2009A%26A...502..391S,Skillen 2009,http://adsabs.harvard.edu/abs/2009A%26A...502..391S
WASP-14 b,1.2810000181,0.075000003,0.0820000022,7.6545724869,0.2930806577,0.2930806577,84.3199996948,2.243752,0.0367693007,0.0007017042,0.0007017042,6475,100,100,1.3099999428,0.0700000003,0.0700000003,0.0909999982,Joshi 2009,http://adsabs.harvard.edu/abs/2009MNRAS.392.1532J,Joshi 2009,http://adsabs.harvard.edu/abs/2009MNRAS.392.1532J
WASP-15 b,1.4279999733,0.0769999996,0.0769999996,0.5414463282,0.0371336825,0.0371336825,85.5,3.7520656,0.0499433316,0.0008323889,0.0008323889,6300,100,100,1.4769999981,0.0719999969,0.0719999969,0,West 2009,http://adsabs.harvard.edu/abs/2009AJ....137.4834W,West 2009,http://adsabs.harvard.edu/abs/2009AJ....137.4834W
WASP-16 b,1.0080000162,0.0829999968,0.0590000078,0.8393643498,0.0319678783,0.0319678783,85.2200012207,3.1186009,0.041785825,0.0006964304,0.0006964304,5700,150,150,0.94599998,0.057,0.0519999974,0,Lister 2009,http://adsabs.harvard.edu/abs/2009ApJ...703..752L,Lister 2009,http://adsabs.harvard.edu/abs/2009ApJ...703..752L
WASP-17 b,1.5099999905,0.1000000015,0.1000000015,0.4932001531,0.0513518117,0.0513518117,88.1600036621,3.7354417,0.0499352701,0.0008322545,0.0008322545,6550,100,100,1.2000000477,0.0810000002,0.0799999982,0.2370000035,Anderson 2010,http://adsabs.harvard.edu/abs/2010ApJ...709..159A,Anderson 2010,http://adsabs.harvard.edu/abs/2010ApJ...709..159A
WASP-18 b,1.1059999466,0.0719999969,0.0540000051,10.0635662079,0.3383617699,0.3383617699,86,0.94145299,0.0201400686,0.0003356678,0.0003356678,6400,100,100,1.2159999609,0.0670000017,0.0539999977,0.0092000002,Hellier 2009,http://adsabs.harvard.edu/abs/2009Natur.460.1098H,Hellier 2009,http://adsabs.harvard.edu/abs/2009Natur.460.1098H
WASP-19 b,1.3860000372,0.0320000015,0.0320000015,1.1140521765,0.0393462963,0.0393462963,79.4000015259,0.78884,0.0163151938,0.0002719199,0.0002719199,5500,100,100,0.9900000095,0.0199999996,0.0199999996,0.0046000001,Hebb 2010,http://adsabs.harvard.edu/abs/2010ApJ...708..224H,Hellier 2011,http://adsabs.harvard.edu/abs/2011ApJ...730L..31H
WASP-2 b,1.07099998,0.0799999982,0.0830000044,0.9048182368,0.0507880636,0.0507880636,84.7399978638,2.152226,0.0312728882,0.0005212148,0.0005212148,5200,200,200,0.8399999738,0.061999999,0.065000005,0,Collier-Cameron 2007,http://adsabs.harvard.edu/abs/2007MNRAS.375..951C,Charbonneau 2007,http://adsabs.harvard.edu/abs/2007ApJ...658.1322C
WASP-21 b,1.0700000525,0.0599999987,0.0599999987,0.3002006412,0.0133765908,0.0133765908,88.75,4.322482,0.0521086901,0.0008684782,0.0008684782,5800,100,100,1.0599999428,0.0399999991,0.0399999991,0,Bouchy 2010,http://adsabs.harvard.edu/abs/2010A&A...519A..98B,Bouchy 2010,http://adsabs.harvard.edu/abs/2010A&A...519A..98B
WASP-22 b,1.1200000048,0.0399999991,0.0399999991,0.5590041876,0.1025399044,0.1025399044,89.1999969482,3.53269,0.0468681678,0.0042607426,0.0042607426,6000,100,100,1.1299999952,0.0299999993,0.0299999993,0.023,Maxted 2010,http://adsabs.harvard.edu/abs/2010AJ....140.2007M,Maxted 2010,http://adsabs.harvard.edu/abs/2010AJ....140.2007M
WASP-23 b,0.9620000124,0.0515000001,0.0515000001,0.8718814254,0.0937695801,0.0937695801,88.3899993896,2.9444256,0.0370219648,0.0019776691,0.0019776691,5150,100,100,0.7649999857,0.0329999998,0.0490000024,0,Triaud 2011,http://adsabs.harvard.edu/abs/2011A%26A...531A..24T,Triaud 2011,http://adsabs.harvard.edu/abs/2011A%26A...531A..24T
WASP-24 b,1.2999999523,0.0390000008,0.0379999988,1.0842858553,0.0405075848,0.0405075848,83.6399993896,2.3412127,0.036515519,0.000608592,0.000608592,6075,100,100,1.3309999704,0.0320000015,0.0320000015,0,Street 2010,http://adsabs.harvard.edu/abs/2010ApJ...720..337S,Simpson 2011,http://adsabs.harvard.edu/abs/2011MNRAS.tmp..600S
WASP-25 b,1.2200000286,0.0599999987,0.0500000007,0.5781175494,0.0449259654,0.0449259654,88,3.764825,0.0473714024,0.0007895234,0.0007895234,5750,100,100,0.9200000167,0.0399999991,0.0399999991,0,Enoch 2011,http://adsabs.harvard.edu/abs/2011MNRAS.410.1631E,Enoch 2011,http://adsabs.harvard.edu/abs/2011MNRAS.410.1631E
WASP-26 b,1.3200000525,0.0799999982,0.0799999982,1.0087554455,0.0336251929,0.0336251929,82.5,2.7566,0.0399686471,0.0006661441,0.0006661441,5059,100,100,1.3400000334,0.0599999987,0.0599999987,0,Smalley 2010,http://adsabs.harvard.edu/abs/2010A%26A...520A..56S,Smalley 2010,http://adsabs.harvard.edu/abs/2010A%26A...520A..56S
WASP-29 b,0.7919999957,0.0560000017,0.0349999965,0.2430475503,0.0201351754,0.0201351754,88.8000030518,3.922727,0.0456587411,0.000760979,0.000760979,4800,150,150,0.8080000281,0.0439999998,0.0439999998,0,Hellier 2010,http://adsabs.harvard.edu/abs/2010ApJ...723L..60H,Hellier 2010,http://adsabs.harvard.edu/abs/2010ApJ...723L..60H
WASP-3 b,1.2899999619,0.0850000009,0.0850000009,2.0043654442,0.093596518,0.093596518,85.0599975586,1.846834,0.0314947776,0.000524913,0.000524913,6400,100,100,1.3099999428,0.1199999973,0.0500000045,0,Pollacco 2008,http://adsabs.harvard.edu/abs/2008MNRAS.385.1576P,Tripathi 2010,http://adsabs.harvard.edu/abs/2010ApJ...715..421T
WASP-31 b,1.5369999409,0.0599999987,0.0599999987,0.4771544635,0.0328080542,0.0328080542,84.5400009155,3.405909,0.0466223061,0.0007770385,0.0007770385,6302,102,102,1.2519999743,0.0329999998,0.0329999998,0,Anderson 2011,http://adsabs.harvard.edu/abs/2011A%26A...531A..60A,Anderson 2011,http://adsabs.harvard.edu/abs/2011A%26A...531A..60A
WASP-32 b,1.1799999475,0.0700000003,0.0700000003,3.5411119461,0.1259680539,0.1259680539,85.3000030518,2.718659,0.0393929109,0.0006565485,0.0006565485,6100,100,100,1.1100000143,0.0500000007,0.0500000007,0.0179999992,Maxted 2010,http://adsabs.harvard.edu/abs/2010PASP..122.1465M,Maxted 2010,http://adsabs.harvard.edu/abs/2010PASP..122.1465M
WASP-34 b,1.2200000286,0.1099999994,0.0799999982,0.5813076496,0.028549742,0.028549742,85.1999969482,4.3176782,0.0520746857,0.0012030456,0.0012030456,5700,100,100,0.9300000072,0.1199999973,0.1199999973,0.0379999988,Smalley 2011,http://adsabs.harvard.edu/abs/2011A%26A...526A.130S,Smalley 2011,http://adsabs.harvard.edu/abs/2011A%26A...526A.130S
WASP-35 b,1.3200000525,0.0299999993,0.0299999993,0.7166435719,0.058738254,0.058738254,87.9599990845,3.161575,0.0431283303,0.0007188055,0.0007188055,5990,80,80,1.0900000334,0.0199999996,0.0199999996,0,Enoch 2011,http://adsabs.harvard.edu/abs/2011AJ....142...86E,Enoch 2011,http://adsabs.harvard.edu/abs/2011AJ....142...86E
WASP-36 b,1.2690000534,0.0299999993,0.0299999993,2.2553725243,0.0891029909,0.0891029909,83.6500015259,1.5373653,0.0262601078,0.0004376685,0.0004376685,5881,135,138,0.9430000186,0.0189999994,0.0189999994,0,Smith 2012,http://adsabs.harvard.edu/abs/2012AJ....143...81S,Smith 2012,http://adsabs.harvard.edu/abs/2012AJ....143...81S
WASP-37 b,1.1599999666,0.0700000003,0.0599999949,1.793235302,0.1663226932,0.1663226932,88.8199996948,3.577469,0.0446312092,0.001929998,0.001929998,5800,150,150,1.003000021,0.0529999994,0.0529999994,0,Simpson 2011,http://adsabs.harvard.edu/abs/2011AJ....141....8S,Simpson 2011,http://adsabs.harvard.edu/abs/2011AJ....141....8S
WASP-38 b,1.0939999819,0.0289999992,0.0280000008,2.6890218258,0.0931690931,0.0931690931,88.8300018311,6.871814,0.0752866343,0.0012547773,0.0012547773,6150,80,80,1.3309999704,0.0299999993,0.0250000005,0.0313999988,Barros 2011,http://adsabs.harvard.edu/abs/2011A&A...525A..54B,Barros 2011,http://adsabs.harvard.edu/abs/2011A&A...525A..54B
WASP-39 b,1.2699999809,0.0399999991,0.0399999991,0.2841345668,0.0313726813,0.0313726813,87.8300018311,4.055259,0.0485834964,0.000809725,0.000809725,5400,150,150,0.8949999809,0.023,0.023,0,Faedi 2011,http://adsabs.harvard.edu/abs/2011A%26A...531A..40F,Faedi 2011,http://adsabs.harvard.edu/abs/2011A%26A...531A..40F
WASP-4 b,1.3710000515,0.0335000008,0.0335000008,1.2230606079,0.0678536445,0.0678536445,88.5899963379,1.3382282,0.0230405424,0.000421988,0.000421988,5500,150,150,0.9139999747,0.0199999996,0.0230000018,0,Wilson 2008,http://adsabs.harvard.edu/abs/2008ApJ...675L.113W,Wilson 2008,http://adsabs.harvard.edu/abs/2008ApJ...675L.113W
WASP-41 b,1.2000000477,0.0599999987,0.0599999987,0.9317416549,0.0588468686,0.0588468686,87.6999969482,3.052401,0.0404958874,0.0012788175,0.0012788175,5450,150,150,0.8999999762,0.0500000007,0.0500000007,0,Maxted 2011,http://adsabs.harvard.edu/abs/2011PASP..123..547M,Maxted 2011,http://adsabs.harvard.edu/abs/2011PASP..123..547M
WASP-43 b,0.9300000072,0.0700000003,0.0899999961,1.7612951994,0.1034703776,0.1034703776,82.5999984741,0.813475,0.0142363179,0.0004090896,0.0004090896,4400,200,200,0.59799999,0.0340000018,0.0419999958,0,Hellier 2011,http://adsabs.harvard.edu/abs/2011A%26A...535L...7H,Hellier 2011,http://adsabs.harvard.edu/abs/2011A%26A...535L...7H
WASP-48 b,1.6699999571,0.0799999982,0.0799999982,0.9695509076,0.0864906535,0.0864906535,80.0899963379,2.143634,0.0344880372,0.0005748007,0.0005748007,5920,150,150,1.75,0.0700000003,0.0700000003,0,Enoch 2011,http://adsabs.harvard.edu/abs/2011AJ....142...86E,Enoch 2011,http://adsabs.harvard.edu/abs/2011AJ....142...86E
WASP-5 b,1.1710000038,0.0560000017,0.0560000017,1.6204661131,0.0725379512,0.0725379512,85.8000030518,1.6284246,0.0271923635,0.0004532061,0.0004532061,5880,150,150,1.0260000229,0.0729999989,0.0439999997,0,Anderson 2008,http://adsabs.harvard.edu/abs/2008MNRAS.387L...4A,Anderson 2008,http://adsabs.harvard.edu/abs/2008MNRAS.387L...4A
WASP-50 b,1.1529999971,0.0480000004,0.0480000004,1.4643770456,0.0879342854,0.0879342854,84,1.9550959,0.029471362,0.0008480175,0.0008480175,5400,100,100,0.8429999948,0.0309999995,0.0309999995,0.0089999996,Gillon 2011,http://adsabs.harvard.edu/abs/2011A%26A...533A..88G,Gillon 2011,http://adsabs.harvard.edu/abs/2011A%26A...533A..88G
WASP-6 b,1.2239999771,0.050999999,0.0520000012,0.521173656,0.0204997919,0.0204997919,88.4700012207,3.361006,0.0428704247,0.0007145071,0.0007145071,5450,100,100,0.8700000048,0.0250000004,0.0360000002,0.0540000014,Gillon 2009,http://adsabs.harvard.edu/abs/2009A%26A...501..785G,Gillon 2009,http://adsabs.harvard.edu/abs/2009A%26A...501..785G
WASP-7 b,0.9150000215,0.0460000001,0.0400000029,0.9192563891,0.1269527227,0.1269527227,89.5999984741,4.954658,0.0604572706,0.0010076213,0.0010076213,6400,100,100,1.2359999418,0.0590000004,0.0459999964,0,Hellier 2009,http://adsabs.harvard.edu/abs/2009ApJ...690L..89H,Hellier 2009,http://adsabs.harvard.edu/abs/2009ApJ...690L..89H
WASP-8 b,1.0379999876,0.0070000002,0.0470000012,2.1372847557,0.0798674226,0.0798674226,88.5500030518,8.158715,0.0801530182,0.0014915207,0.0014915207,5600,80,80,0.9449999928,0.050999999,0.0359999984,0.3100000024,Queloz 2010,http://adsabs.harvard.edu/abs/2010A%26A...517L...1Q,Queloz 2010,http://adsabs.harvard.edu/abs/2010A%26A...517L...1Q
XO-1 b,1.2059999704,0.0469999984,0.0420000032,0.9182654619,0.0794522613,0.0794522613,88.8099975586,3.941534,0.0492829867,0.0009437508,0.0009437508,5750,75,75,0.9340000153,0.0370000005,0.0319999977,0,McCullough 2006,http://adsabs.harvard.edu/abs/2006ApJ...648.1228M,McCullough 2006,http://adsabs.harvard.edu/abs/2006ApJ...648.1228M
XO-2 b,0.9829999804,0.0289999992,0.0280000008,0.5664353967,0.0565563627,0.0565563627,88.9000015259,2.615838,0.0368366726,0.0006139445,0.0006139445,5340,80,80,0.9710000157,0.0270000007,0.0259999987,0,Burke 2007,http://adsabs.harvard.edu/abs/2007ApJ...671.2115B,Burke 2007,http://adsabs.harvard.edu/abs/2007ApJ...671.2115B
XO-5 b,1.0299999714,0.0599999987,0.0500000007,1.1508201361,0.0881512687,0.0881512687,86.9000015259,4.1877537,0.0508650579,0.000847751,0.000847751,5510,44,44,1.0499999523,0.0500000007,0.0400000029,0,Burke 2008,http://adsabs.harvard.edu/abs/2008ApJ...686.1331B,Burke 2008,http://adsabs.harvard.edu/abs/2008ApJ...686.1331B