55 Cnc e       8.3799155      0.39241453       2.2100000      0.15000001       2439.6898       106.40730      0.73654600
CoRoT-1 b       327.28551       39.271327       16.701381      0.89671846       2161.2607       370.36000       1.5089557
CoRoT-10 b       875.69991       50.861781       10.872711      0.78462865       39.381600       5.6960834       13.240600
CoRoT-11 b       746.27273       108.69741       16.028842      0.33626942       1492.4027       138.27504       2.9943300
CoRoT-12 b       292.13059       22.463373       16.140932       1.4571675       721.06460       132.33185       2.8280420
CoRoT-13 b       416.65209       24.607237       9.9199479      0.15692573       438.35435       39.953048       4.0351900
CoRoT-14 b       2445.4849       143.98586       12.217789      0.78462865       2405.8653       378.09255       1.5121400
CoRoT-16 b       170.97962       27.812704       13.114507       1.6813471       359.26470       87.154773       5.3522700
CoRoT-17 b       781.83280       88.162964       11.433160      0.78462865       964.52493       103.38573       3.7681000
CoRoT-18 b       1108.0749       119.35635       14.683765       2.0176165       900.67511       261.17536       1.9000693
CoRoT-19 b       352.11376       20.468311       14.459585      0.33626942       1260.3512       94.111851       3.8971300
CoRoT-2 b       1040.9348       54.284984       16.432366      0.48198617       926.36779       95.263712       1.7429935
CoRoT-23 b       980.56109       99.394603       11.769430       1.4571675       1221.6229       291.10319       3.6313000
CoRoT-3 b       6945.8603       315.17079       11.321071      0.78462865       1368.5973       203.61748       4.2568000
CoRoT-4 b       228.00768       23.006649       13.338687      0.61649394       221.04922       13.596274       9.2020500
CoRoT-5 b       147.00178       12.557856       15.558065      0.52121760       712.19113       61.586295       4.0378962
CoRoT-6 b       938.71556       105.31775       13.069672      0.39231433       177.70964       12.264969       8.8865930
CoRoT-7 b       5.0214614      0.86388594       1.6791053     0.090008115       1779.4329       201.32836      0.85358500
CoRoT-8 b       68.673256       10.806051       6.3891190      0.22417961       88.183513       7.7770203       6.2122900
CoRoT-9 b       268.09866       23.005982       11.769430      0.44835923       4.8206939      0.51899321       95.273800
GJ 1214 b       6.2600000      0.91000000       2.8000000      0.24000000       16.630959       3.5942732       1.5804048
GJ 3470 b       13.900000       1.4000000       4.8300000      0.21000000       38.335092       10.180969       3.3371400
GJ 436 b       23.104587       1.0116007       4.2224230     0.097518132       29.881597       10.826984       2.6438500
HAT-P-1 b       169.19587       9.6464969       13.921554      0.59407598       481.13954       60.210659       4.4652934
HAT-P-11 b       26.231116       2.8607976       4.7301899      0.15692573       97.354751       7.3541344       4.8878162
HAT-P-12 b       66.997047       4.1981985       10.749413      0.28022452       139.98139       10.368487       3.2130598
HAT-P-13 b       272.39428       11.245083       14.358704      0.88550948       1223.3408       155.96792       2.9162500
HAT-P-14 b       710.64860       25.848216       12.890328      0.58286700       1003.9295       97.844696       4.6276690
HAT-P-15 b       620.23207       24.024203       12.016027      0.48198617       110.08825       11.284691       10.863502
HAT-P-16 b       1335.6234       44.995205       14.448376      0.73979273       1156.6216       123.67825       2.7759600
HAT-P-17 b       168.49292       6.2043841       11.321071      0.32506044       65.166784       5.5868583       10.338523
HAT-P-18 b       62.675104       4.2560729       11.152936      0.58286700       85.869044       10.625276       5.5080230
HAT-P-19 b       92.889284       5.5853727       12.688566      0.80704661       172.33078       27.614163       4.0087780
HAT-P-2 b       2819.2404       129.00176       12.968791      0.76221069       806.96478       129.53079       5.6334729
HAT-P-20 b       2316.7357       78.556957       9.7181863      0.36989636       147.34754       14.454700       2.8753170
HAT-P-21 b       1296.1607       54.874534       11.477996       1.0312262       447.82441       73.528323       4.1244810
HAT-P-22 b       683.74054       24.529722       12.105699      0.65012088       447.27344       48.819546       3.2122200
HAT-P-23 b       666.16284       38.784115       15.333886       1.0088083       2950.4412       408.64580       1.2128840
HAT-P-24 b       217.97666       11.513828       13.921554      0.75100171       1189.7862       142.25783       3.3552400
HAT-P-25 b       180.25939       8.3606427       13.338687      0.76781518       348.15856       40.453030       3.6528360
HAT-P-26 b       18.639565       2.2828799       6.3330741      0.58286700       163.05048       31.755803       4.2345160
HAT-P-27 b       196.24690       9.5200377       11.433160      0.72858375       308.73816       50.275530       3.0395770
HAT-P-28 b       199.53590       11.919585       13.585285       1.0928756       604.88528       97.853655       3.2572150
HAT-P-29 b       247.58029       20.403668       12.408342       1.2217789       416.85848       76.107199       5.7231860
HAT-P-3 b       189.32718       7.8950414       10.076874      0.51561311       298.50217       35.086413       2.8997030
HAT-P-30 b       225.99576       11.262722       15.020034      0.72858375       1191.9507       126.57514       2.8105950
HAT-P-31 b       689.35941       28.835342       11.993609       4.4835923       618.50331       210.25767       5.0054250
HAT-P-32 b       302.18185       53.868962       22.832694       1.1096891       1914.9409       225.65042       2.1500090
HAT-P-33 b       243.55582       37.063773       20.478808       3.2506044       1903.1668       148.61810       3.4744740
HAT-P-34 b       1059.6005       76.838204       13.417150       1.2329879       537.46089       104.60015       5.4526540
HAT-P-35 b       335.04873       12.715620       14.930362       1.0984801       1030.1835       138.79393       3.6467060
HAT-P-36 b       584.53793       31.896075       14.168152      0.79583763       1818.3790       235.19436       1.3273470
HAT-P-37 b       372.99510       33.422230       13.204179      0.86309152       439.71130       62.485267       2.7973600
HAT-P-38 b       85.037799       6.4272371       9.2474091      0.86869601       226.04190       44.023088       4.6403820
HAT-P-39 b       190.43450       31.737071       17.609309       5.1449222       1560.3683       176.01753       3.5438700
HAT-P-4 b       213.41634       11.413780       14.280241      0.61088945       1367.9422       152.62351       3.0565360
HAT-P-40 b       197.10985       26.196352       19.391537      0.69495681       1611.6303       242.14160       4.4572430
HAT-P-41 b       254.33392       32.975698       18.887133      0.71177028       2337.2286       210.98734       2.6940470
HAT-P-5 b       335.48968       36.025784       14.056062      0.59968047       926.85878       105.09429       2.7884910
HAT-P-6 b       336.74952       16.619520       14.907944      0.68374782       1299.0590       131.55943       3.8529850
HAT-P-7 b       569.40173       20.080162       15.277841       1.5804663       4070.4873       302.72012       2.2047370
HAT-P-8 b       411.05235       17.231953       16.813471      0.78462865       1637.1674       176.52814       3.0763370
HAT-P-9 b       246.81686       28.393863       15.692573      0.67253884       909.50353       143.11687       3.9228900
HATS-1 b       592.74921       80.226447       14.594093       1.4571675       584.57026       122.93159       3.4464590
HATS-2 b       428.78250       48.343403       13.092089      0.33626942       1022.4074       92.509440       1.3541330
HD 149026 b       114.88150       4.9575260       7.3306734      0.59407598       1299.4981       202.09339       2.8758911
HD 17156 b       1049.6685       35.455621       11.433160      0.89671846       142.83632       7.4529001       21.216630
HD 189733 b       363.45321       17.876930       12.755820      0.30264248       344.40058       25.351599       2.2185757
HD 209458 b       219.18116       7.5149962       15.233005      0.16813471       725.85384       38.907262       3.5247486
HD 80606 b       1236.4792       59.775902       11.534041      0.19055267       11.621545       1.7681964       111.43670
HD 97658 b       7.8660057      0.73002476       2.3399980      0.16499956       48.105999       6.0471799       9.4909000
KELT-2 A b       483.28590       28.523628       14.414749      0.62770292       1420.2428       104.21222       4.1137912
KELT-3 b       464.53284       20.975896       15.221796      0.76781518       1826.9266       176.24140       2.7033900
KOI-200 b       212.01866       28.739107       14.795855       1.5692573       418.26335       86.951308       7.3407180
KOI-889 b       3173.3327       158.14237       11.545250      0.67253884       104.59777       14.204021       8.8849240
Kepler-10 b       4.5391725       1.2484822       1.4159969     0.034499898       3572.0477       241.14924      0.83749500
Kepler-11 b       1.9000000       1.2000000       1.8000000     0.040000000       126.51230       7.6848107       10.303900
Kepler-11 c       2.9000000       2.2000000       2.8700000     0.055000000       91.442965       5.4530418       13.024100
Kepler-11 d       7.3000000       1.1000000       3.1200000     0.065000000       43.562700       2.5301054       22.684500
Kepler-11 e       8.0000000       1.8000000       4.1900000     0.080000000       27.525639       1.6578402       31.999600
Kepler-11 f       2.0000000      0.80000000       2.4900000     0.055000000       16.746808      0.98546817       46.688800
Kepler-12 b       137.28284       13.204613       18.999222      0.33626942       797.39015       66.528379       4.4379637
Kepler-14 b       2671.7031       93.303647       12.733402      0.71177028       967.30050       104.53404       6.7901230
Kepler-15 b       210.53161       25.097882       10.760622      0.72858375       252.44844       40.793702       4.9427820
Kepler-16 b       105.83295       5.0850658       8.4493297     0.027462003      0.35412977     0.049205852       228.77600
Kepler-17 b       788.00340       32.431596       14.907944      0.44835923       1539.0768       136.91190       1.4857108
Kepler-18 b       6.8996953       3.4822530       2.0000184     0.099984108       462.24377       47.713629       3.5047250
Kepler-18 c       17.299272       1.9053392       5.4899906      0.25999903       163.49273       16.876020       7.6415900
Kepler-18 d       16.399296       1.3975985       6.9799892      0.32999912       67.363820       6.9534144       14.858880
Kepler-20 b       8.4744639       2.1221060       1.9082953      0.16485272       346.71061       62.698902       3.6961219
Kepler-20 c       15.733748       3.3142234       3.0672591      0.25477229       82.444688       14.909237       10.854092
Kepler-20 d       7.5279527       7.2184734       2.7475454      0.23479004       5.9849266       1.0823099       77.611840
Kepler-36 b       4.4614755      0.30076257       1.4846743     0.034968769       217.36523       13.135806       13.839890
Kepler-36 c       8.1008351      0.53136077       3.6757162     0.053951739       175.64589       10.614624       16.238550
Kepler-39 b       5778.0619       228.13258       13.674956       1.2329879       111.61355       20.084026       21.087400
Kepler-4 b       24.544302       4.0742501       4.0016061      0.21297063       1123.9178       155.41805       3.2134600
Kepler-40 b       691.83586       106.87156       13.114507      0.44835923       1123.5936       100.87632       6.8734900
Kepler-41 b       156.85655       22.623998       9.4267528      0.35868738       1024.9477       118.90324       1.8555580
Kepler-43 b       1027.0017       58.423910       13.450777      0.67253884       1193.5500       171.93707       3.0240950
Kepler-44 b       324.51967       22.267980       13.899136      0.78462865       1100.5706       176.88199       3.2467400
Kepler-45 b       162.56288       18.432442       10.760622       1.2329879       65.118083       27.122109       2.4552390
Kepler-5 b       672.70077       23.853185       16.040051      0.52121760       1768.3587       136.89816       3.5484600
Kepler-6 b       212.73872       9.8351211       14.829482      0.30824697       848.62551       47.470494       3.2347230
Kepler-68 b       8.3000000       2.3000000       2.3100000     0.030000000       409.09176       27.915885       5.3987630
Kepler-68 c       4.3774684       2.8013500      0.95214911     0.039464691       189.76385       12.949249       9.6050850
Kepler-7 b       139.12693       12.238641       16.566874      0.56605353       974.85951       74.353213       4.8855250
Kepler-77 b       136.96514       10.939375       10.760622      0.17934369       402.82389       27.421500       3.5787809
Kepler-8 b       186.15834       33.151133       15.905544      0.63891190       1263.9759       162.80951       3.5225400
OGLE-TR-182 b       325.60434       47.253292       12.666148       2.1297063       544.56546       141.68206       3.9791000
OGLE-TR-211 b       240.67535       47.398852       15.244214       1.5132124       1468.4274       269.05646       3.6772400
OGLE2-TR-L9 b       1453.8286       479.58527       18.046459      0.44835923       2840.9973       202.58758       2.4855335
Qatar-1 b       346.35339       27.021499       13.047254      0.50440413       618.04171       76.652519       1.4200330
Qatar-2 b       789.48613       27.593124       12.823074      0.39231433       459.01179       34.085592       1.3371182
TrES-1 b       239.15192       15.139735       11.959982      0.24099309       283.74546       18.488478       3.0300650
TrES-2 b       381.60660       16.603598       13.719792      0.45956821       835.19668       70.919362       2.4706300
TrES-4 b       292.47244       23.530061       19.985613       1.0032038       1685.9246       153.99404       3.5539450
TrES-5 b       565.10971       25.456507       13.551658      0.23538860       800.45180       42.264968       1.4822446
WASP-1 b       263.07771       16.146260       16.992815       1.6813471       1939.3067       151.06161       2.5199449
WASP-10 b       1014.2953       36.827318       12.105699      0.22417961       141.38794       13.863328       3.0927616
WASP-11 b       171.54320       16.485243       10.200172      0.50440413       136.90440       17.852088       3.7224650
WASP-12 b       432.43094       16.183794       20.064076       1.0088083       7404.8297       1042.3912       1.0914225
WASP-13 b       152.35661       19.599846       15.569274      0.56605353       819.35131       73.707786       4.3530110
WASP-14 b       2444.7528       93.146010       14.358704      0.87990499       2010.1407       259.72324       2.2437520
WASP-15 b       172.50984       6.6300359       15.457184      0.70056130       1236.0993       149.60179       3.7521000
WASP-16 b       267.69486       10.159930       11.298653      0.79583763       485.41600       77.465382       3.1186009
WASP-17 b       161.62450       9.5599872       21.655751      0.85188254       953.67525       144.13182       3.7354330
WASP-18 b       3241.9111       106.66529       14.201779      0.59968047       5487.4331       670.25168      0.94145290
WASP-19 b       360.21046       12.504908       15.535647      0.35868738       3022.9488       270.93538      0.78884000
WASP-2 b       288.78691       11.131114       12.072072      0.63330741       473.28796       103.30079       2.1522254
WASP-21 b       95.431575       4.2513057       11.993609      0.67253884       420.13903       45.178780       4.3224820
WASP-22 b       177.67808       32.588915       12.554058      0.44835923       676.09868       135.76213       3.5326900
WASP-23 b       277.20770       29.801537       10.783039      0.57726251       269.47710       45.840008       2.9444256
WASP-24 b       346.73938       12.873988       14.571675      0.43154576       1623.5907       143.01043       2.3412127
WASP-25 b       183.84750       14.278229       13.674956      0.61649394       369.91714       42.999373       3.7648250
WASP-26 b       323.36714       10.686647       14.795855      0.89671846       660.57223       81.927757       2.7566000
WASP-29 b       77.226669       6.3970763       8.8775127      0.51000862       149.21964       25.234314       3.9227270
WASP-3 b       639.39717       29.746522       14.459585      0.95276336       2604.2015       385.01578       1.8468340
WASP-31 b       152.33865       10.426959       17.228203      0.67253884       1020.5275       91.742485       3.4059090
WASP-32 b       1097.6184       44.296961       12.329879      0.44835923       994.45669       88.787969       2.7186610
WASP-34 b       185.39956       9.0735689       13.674956       1.0648532       302.28417       82.039259       4.3176782
WASP-35 b       227.90581       18.668007       14.795855      0.33626942       737.77763       53.770536       3.1615750
WASP-36 b       721.21886       28.318414       14.224197      0.33626942       1383.9654       147.47168       1.5373653
WASP-37 b       570.04235       52.860212       13.002418      0.72858375       512.77469       87.848287       3.5774690
WASP-38 b       860.96938       31.785475       12.217789      0.22417961       414.78507       22.855955       6.8718800
WASP-39 b       90.367627       9.9707652       14.235406      0.44835923       258.90077       32.849199       4.0552590
WASP-4 b       388.72542       15.018678       15.031243      0.29143350       1291.9491       160.61739       1.3382299
WASP-41 b       296.36184       18.702522       13.450777      0.67253884       390.96578       65.950266       3.0524010
WASP-42 b       157.94460       10.813520       11.915147      0.57165802       158.20506       24.553950       4.9816877
WASP-43 b       564.47179       32.884485       10.424352      0.89671846       593.34686       135.96936      0.81347500
WASP-44 b       282.80466       20.568900       12.778238       1.2329879       547.33251       219.94517       2.4238039
WASP-45 b       319.90297       16.547535       13.002418       2.3538860       340.18256       79.135603       3.1260876
WASP-46 b       668.15170       27.947077       14.683765      0.57165802       1254.6475       167.43280       1.4303700
WASP-47 b       361.18611       17.922473       12.890328      0.33626942       372.96391       34.362179       4.1591399
WASP-48 b       312.80671       27.488181       18.718998      0.89671846       2837.3751       378.37449       2.1436340
WASP-49 b       120.20818       8.3456735       12.498014      0.52682209       585.23104       81.528160       2.7817387
WASP-5 b       516.20768       17.506292       12.778238      0.78462865       1526.8698       239.12675       1.6284229
WASP-50 b       467.96787       27.946981       12.923955      0.53803108       624.21771       74.404905       1.9550959
WASP-52 b       145.29455       7.0612813       14.235406      0.33626942       475.34534       47.711991       1.7497798
WASP-54 b       201.09201       8.6520805       18.528445      0.96957683       1672.1230       199.70720       3.6936411
WASP-55 b       181.52856       12.008637       14.571675      0.44835923       430.67338       38.357698       4.4656330
WASP-56 b       192.40155       12.861689       12.240207      0.38110534       346.12212       31.105595       4.6171010
WASP-57 b       214.80803       16.644215       10.267426      0.17373920       413.11002       118.22741       2.8389710
WASP-58 b       283.29525       22.669732       15.356304       2.2417961       440.01439       112.28057       5.0171800
WASP-59 b       273.03489       14.292944       8.6869601      0.76221069       32.621688       6.3899246       7.9195850
WASP-6 b       165.69683       6.5151770       13.719792      0.57726251       326.46259       34.878016       3.3610060
WASP-61 b       653.08206       24.979750       13.899136      0.33626942       956.61141       107.48812       3.8559000
WASP-62 b       178.69858       13.313560       15.580483      0.67253884       688.35016       68.326941       4.4119530
WASP-63 b       120.16541       10.066619       16.028842      0.89671846       911.29362       106.07314       4.3780800
WASP-64 b       404.06489       24.161849       14.246615      0.43715025       1354.8850       166.11513       1.5732918
WASP-66 b       735.25622       42.053176       15.580483       1.0088083       1747.4506       247.94521       4.0860520
WASP-67 b       133.26370       10.476094       15.692573       2.8022452       185.10853       23.033789       4.6144200
WASP-7 b       292.16195       40.347772       10.256217      0.48198617       629.14268       69.588151       4.9546580
WASP-72 b       447.39520       18.862861       11.321071       1.6813471       2992.4954       487.88882       2.2167260
WASP-77 A b       37.998648       6.8840031       13.562867      0.22417961       1295.5576       95.932926       1.3600309
WASP-78 b       280.94908       25.613190       19.055267       1.2329879       4603.6246       707.38424       2.1751766
WASP-79 b       282.06663       26.571948       19.055267       1.2329879       1601.2764       191.50056       3.6623817
WASP-8 b       679.48067       25.383186       11.634922      0.30264248       129.00478       14.779965       8.1587150
WASP-80 b       175.35962       11.241809       10.670950      0.29703799       72.675443       9.1225091       3.0678504
XO-1 b       291.90283       25.251261       13.518031      0.49879964       352.25788       34.597721       3.9415340
XO-2 b       180.05563       17.974563       11.018428      0.31945595       506.91124       44.427585       2.6158380
XO-3 b       4222.1383       141.15698       13.641330      0.81825559       3039.3461       239.96267       3.1915426
XO-5 b       366.28571       28.015947       11.545250      0.61649394       352.39927       34.308446       4.1877537
KOI-94 b       9.3999996       4.5000000       1.7700000      0.17000000       1155.3745       219.29947       3.7432080
KOI-94 c       8.3000002       5.5000000       4.2800002      0.40000001       295.03541       55.979540       10.423648
KOI-94 d       105.00000       12.000000       11.400000       1.0500000       106.76007       20.263213       22.342989
KOI-94 e       38.000000       18.000000       6.6400000      0.62000000       32.631214       6.1940617       54.320320
Kic843       1.7800000      0.30000000       1.2000000     0.090000000       3093.3884       7682.7410      0.35416666
