  KOI     ,                   Per     ,     R      ,   err(R)       ,      M    ,   err(M)   ,      rho_pl  , err(rho_pl)  ,   K    ,     err(K)    ,      rho*  ,  err(rho*)   ,     b   ,   err(b)      ,                rp/R*     ,                  Epoch of transit ,  Upper Limit to Mass
----------------------------------------------------------------------------------------------------------------------------------------------------------------------------------------------------------------------------------------------------------------------  
   41.01 ,                  12.8159 ,     2.20  ,  0.05  ,          0.85  ,  4.0  ,         0.35  ,  1.65  ,          0.18  ,  0.8  ,         0.44  ,  0.01  ,         0.05  ,  0.04  ,                    0.013550 ,                  55.94713   , 7.05
   41.02 ,                  6.88705 ,     1.32  ,  0.04  ,          7.34  ,  3.2  ,        14.25  ,  6.33  ,          1.90  ,  0.8  ,         0.44  ,  0.01  ,         0.54  ,  0.02  ,                    0.008094 ,                  66.17797   , 10.0
   41.03 ,                  35.3331 ,     1.61  ,  0.05  ,         -4.36  ,  4.1  ,        -5.72  ,  6.00  ,         -0.79  ,  1.0  ,         0.44  ,  0.01  ,         0.75  ,  0.01  ,                    0.009926 ,                  86.98031   , 3.0
   69.01 ,                   4.72674 ,     1.50  ,  0.03  ,          2.59  ,  2.0  ,         4.17  ,  3.29  ,          1.05  ,  0.8  ,         1.64  ,  0.01  ,         0.20  ,  0.02  ,                    0.014927 ,                  67.92580   , 6.1
   82.01 ,                  16.1457 ,     2.22  ,  0.07  ,          8.93  ,  2.0  ,         4.68  ,  1.12  ,          2.77  ,  0.6  ,         2.76  ,  0.09  ,         0.30  ,  0.03  ,                    0.027639 ,                  67.75384   ,11.7
   82.02 ,                  10.3117 ,     1.18  ,  0.04  ,          3.80  ,  1.8  ,        13.27  ,  6.46  ,          1.37  ,  0.6  ,         2.76  ,  0.09  ,         0.22  ,  0.05  ,                    0.014682 ,                  67.07920   , 6.6
   82.03 ,                  27.4536 ,     0.88  ,  0.03  ,          0.62  ,  3.3  ,         4.92  ,  24.5  ,          2.11  ,  0.8  ,         2.76  ,  0.09  ,         0.57  ,  0.03  ,                    0.010963 ,                  78.02565   , 5.2
   82.04 ,                  7.07142 ,     0.58  ,  0.02  ,         -1.58  ,  2.0  ,      -44.24  ,  56.7   ,         -1.00  ,  0.6  ,         2.76  ,  0.09  ,         0.06  ,  0.05  ,                    0.007228 ,                  72.98486   , 3.0
   82.05 ,                  5.28696 ,     0.47  ,  0.02  ,          0.41  ,  1.6  ,       23.29  ,  94.93  ,          0.19  ,  0.7  ,         2.76  ,  0.09  ,         0.06  ,  0.06  ,                    0.005800 ,                  68.84920   , 4.3
  104.01 ,                  2.50806 ,     3.51  ,  0.15  ,         10.84  ,  1.4  ,         1.45  ,  0.26  ,          6.11  ,  0.8  ,         2.90  ,  0.23  ,         0.85  ,  0.01  ,                    0.042380 ,                  67.99980   , 16.5
  108.01 ,                  15.9654 ,     3.37  ,  0.09  ,         14.11  ,  4.7  ,         2.02  ,  0.59  ,          3.38  ,  0.9  ,         0.52  ,  0.02  ,         0.72  ,  0.01  ,                    0.021500 ,                  75.17614   , 27.0
  108.02 ,                  179.612 ,     5.13  ,  0.14  ,         36.4  ,  25.3  ,        1.47  ,  3.97   ,          3.88  ,  2.7  ,         0.52  ,  0.02  ,         0.44  ,  0.02  ,                    0.032766 ,                 228.32581   , 85.4
  116.01 ,                  13.5708 ,     2.50  ,  0.32  ,         10.44  ,  3.2  ,         3.28  ,  1.56  ,          2.71  ,  0.8  ,         1.38  ,  0.15  ,         0.69  ,  0.03  ,                    0.022113 ,                  69.27837   , 18.8
  116.02 ,                  43.8445 ,     2.56  ,  0.33  ,         11.17  ,  5.8  ,         3.10  ,  2.07  ,          1.95  ,  1.0  ,         1.38  ,  0.15  ,         0.28  ,  0.13  ,                    0.022676 ,                  84.93360   , 24.8
  116.03 ,                  6.16486 ,     0.82  ,  0.11  ,          0.15  ,  2.8  ,        1.26  ,  26.26  ,          0.05  ,  0.9  ,         1.38  ,  0.15  ,         0.39  ,  0.15  ,                    0.007258 ,                  68.64035   , 5.3
  116.04 ,                  23.9802 ,     0.95  ,  0.13  ,        -6.39  ,  7.0  ,       -41.00  ,  39.75  ,         -2.84  ,  0.9  ,         1.38  ,  0.15  ,         0.45  ,  0.11  ,                    0.008362 ,                  80.53263   , 8.1
  122.01 ,                  11.5231 ,     3.42  ,  0.09  ,          13.0  ,  2.9  ,         1.71  ,  0.37  ,          3.36  ,  0.6  ,         0.54  ,  0.02  ,         0.74  ,  0.01  ,                    0.022166 ,                  64.96841   , 16.7
  123.01 ,                  6.48163 ,     2.37  ,  0.07  ,           1.3  ,  5.4  ,           0.3  ,  2.2  ,          0.29  ,  1.8  ,         0.65  ,  0.02  ,         0.58  ,  0.02  ,                    0.016434 ,                  55.97755   , 7.3
  123.02 ,                  21.2227 ,     2.52  ,  0.07  ,          2.22  ,  7.8  ,         0.65  ,  2.30  ,          0.43  ,  1.5  ,         0.65  ,  0.02  ,         0.16  ,  0.08  ,                    0.017432 ,                  70.57250   , 21.8
  148.01 ,                  4.77800 ,     1.88  ,  0.10  ,          3.94  ,  2.1  ,         3.23  ,  1.84  ,          1.62  ,  0.9  ,         1.98  ,  0.13  ,         0.17  ,  0.11  ,                    0.019318 ,                  57.06113   , 13.0
  148.02 ,                  9.67395 ,     2.71  ,  0.14  ,         14.61  ,  2.3  ,         4.01  ,  0.91  ,          4.74  ,  0.7  ,         1.98  ,  0.13  ,         0.38  ,  0.05  ,                    0.027892 ,                  58.33925   , 22.7
  148.03 ,                  42.8961 ,     2.04  ,  0.11  ,          7.93  ,  4.6  ,         5.08  ,  3.12  ,          1.57  ,  0.9  ,         1.98  ,  0.13  ,         0.20  ,  0.11  ,                    0.021021 ,                  79.06554   , 25.0
  153.01 ,                  8.92507 ,     2.19  ,  0.06  ,          -4.6  ,  6.2  ,          -2.44  ,  2.7  ,         -2.72  ,  1.5  ,         2.71  ,  0.08  ,         0.56  ,  0.02  ,                    0.029135 ,                  72.71374   , 3.7
  153.02 ,                  4.75400 ,     1.82  ,  0.05  ,           7.1  ,  3.3  ,           6.6  ,  3.0  ,          2.36  ,  1.5  ,         2.71  ,  0.08  ,         0.08  ,  0.06  ,                    0.024190 ,                  61.54630   , 17.
  244.01 ,                  12.7204 ,     5.20  ,  0.09  ,         24.60  ,  5.7  ,         0.90  ,  0.21  ,          5.63  ,  1.3  ,         0.75  ,  0.01  ,         0.88  ,  0.00  ,                    0.036409 ,                 111.52730   , 32.4
  244.02 ,                   6.2385 ,     2.71  ,  0.05  ,          9.6  ,  4.20  ,         2.50  ,  1.10  ,          2.80  ,  1.2  ,         0.75  ,  0.01  ,         0.54  ,  0.01  ,                    0.018950 ,                 104.70541   , 16.0
  245.01 ,                  39.7922 ,     1.94  ,  0.06  ,         1.87  ,  9.08  ,        1.3  ,  3.67  ,         0.40  ,  1.2  ,         2.46  ,  0.04  ,         0.53  ,  0.01  ,                    0.023068 ,                 108.24950   , 12.2
  245.02 ,                  21.3020 ,     0.75  ,  0.03  ,          3.35  ,  4.0  ,       44.33  ,  53.60  ,          0.92  ,  1.1  ,         2.46  ,  0.04  ,         0.43  ,  0.02  ,                    0.008909 ,                 124.83685   , 12.0
  245.03 ,                  13.3675 ,     0.32  ,  0.02  ,         2.78  ,  3.7  ,        548.8  ,  700.00  ,         0.95  ,  1.1  ,         2.46  ,  0.04  ,         0.48  ,  0.13  ,                    0.003828 ,                 117.04171   , 10.0
  246.01 ,                  5.39875 ,     2.33  ,  0.02  ,          5.97  ,  1.7  ,         2.60 ,  0.74  ,          2.07  ,  0.59  ,         0.79  ,  0.01  ,         0.48  ,  0.01  ,                    0.017383 ,                 106.85783   , 9.3
  246.02 ,                  9.60504 ,     1.00  ,  0.02  ,          2.18  ,  3.5  ,       10.77  ,  17.29  ,          0.57  ,  0.9  ,         0.79  ,  0.01  ,         0.77  ,  0.01  ,                    0.007455 ,                  69.38025   , 7.2
  261.01 ,                  16.2385 ,     2.67  ,  0.22  ,          8.46  ,  3.4  ,         2.26  ,  1.11  ,          2.10  ,  0.8  ,         1.54  ,  0.25  ,         0.54  ,  0.07  ,                    0.023967 ,                 104.01897   , 12.0
  283.01 ,                  16.0920 ,     2.41  ,  0.20  ,         16.13  ,  3.5  ,         6.00  ,  1.98  ,          3.95  ,  0.8  ,         1.44  ,  0.21  ,         0.79  ,  0.02  ,                    0.021263 ,                 103.59795   , 19.4
  283.02 ,                  25.5169 ,     0.84  ,  0.07  ,          8.25  ,  5.9  ,         77.7  ,  55.  ,           3.58  ,  0.9  ,         1.44  ,  0.21  ,         0.27  ,  0.16  ,                    0.007394 ,                  87.42342   , 20.0
  292.01 ,                  2.58664 ,     1.48  ,  0.13  ,          3.51  ,  1.9  ,         5.44  ,  3.48  ,          1.65  ,  0.9  ,         1.53  ,  0.31  ,         0.41  ,  0.16  ,                    0.013803 ,                 104.84121   , 9.1
  299.01 ,                  1.54168 ,     1.99  ,  0.22  ,          3.55  ,  1.6  ,         2.18  ,  1.21  ,          1.82  ,  0.8  ,         1.12  ,  0.34  ,         0.56  ,  0.14  ,                    0.016377 ,                 103.54328   , 6.4
  305.01 ,                  4.60358 ,     1.48  ,  0.08  ,          6.15  ,  1.3  ,        10.90  ,  2.82  ,          2.91  ,  0.6  ,         2.86  ,  0.23  ,         0.21  ,  0.13  ,                    0.018475 ,                 104.83893   , 9.7
  321.01 ,                  2.42629 ,     1.43  ,  0.03  ,          6.35  ,  1.4  ,        11.82  ,  2.70  ,          2.89  ,  0.6  ,         1.12  ,  0.02  ,         0.10  ,  0.06  ,                    0.012285 ,                 103.45680   , 8.1
  321.02 ,                  4.62332 ,     0.85  ,  0.03  ,          2.71  ,  1.8  ,       24.39  ,  16.13  ,          1.00  ,  0.6  ,         1.12  ,  0.02  ,         0.36  ,  0.06  ,                    0.007261 ,                  65.37438   , 6.0
 1442.01 ,                 0.669310 ,     1.07  ,  0.02  ,          0.06  ,  1.2  ,         0.29  ,  5.70  ,          0.05  ,  0.9  ,         1.38  ,  0.16  ,         0.25  ,  0.15  ,                    0.010414 ,                  67.13162   , 3.2
 1612.01 ,                  2.46502 ,     0.82  ,  0.03  ,          0.48  ,  3.2  ,        4.42  ,  29.82  ,          0.20  ,  1.3  ,         0.82  ,  0.01  ,         0.92  ,  0.01  ,                    0.006136 ,                  65.67928   , 5.0
 1925.01 ,                  68.9584 ,     1.19  ,  0.03  ,          2.69  ,  6.2  ,        8.88  ,  20.60  ,          0.45  ,  1.0  ,         1.81  ,  0.00  ,         0.90  ,  0.01  ,                    0.012223 ,                 112.08151   , 22.0
-----------------------------------------------------------------------------------------------------------------------------------------------------------------------------------------------------------------------------------------------------------------
