FORPRINT: Thu Apr 11 11:57:36 2013
      41.0100       3.9300000       2.2040000
      41.0200       8.2700000       1.3150000
      41.0300       3.1800000       1.6120000
      69.0100       2.9200000       1.5010000
      82.0100       7.5100000       2.2270000
      82.0200       4.1500000       1.1830000
      82.0300       6.2900000      0.88500000
      82.0400      0.43000000      0.58100000
      82.0500      0.82000000      0.47200000
      104.010       10.880000       3.5030000
      108.010       17.560000       3.3720000
      108.020       4.9000000       5.1370000
      116.010       12.770000       2.5050000
      116.020       10.710000       2.5700000
      116.030       1.7700000      0.81400000
      116.040      0.95000000      0.95300000
      122.010       14.990000       3.4230000
      123.010       8.4000000       2.3740000
      123.020       4.5500000       2.5180000
      148.010       7.5500000       2.0430000
      153.010      0.52000000       2.1850000
      153.020       4.2900000       1.8140000
      245.010       1.3000000       1.9440000
      245.020       4.2400000      0.75100000
      245.030       1.3200000      0.32200000
      261.010       7.2600000       2.6680000
      283.010       16.800000       2.4080000
      283.020       17.800000      0.83600000
      292.010       3.5000000       1.4770000
      299.010       3.5100000       1.9870000
      305.010       6.5300000       1.4780000
      321.010       6.6700000       1.4340000
      321.020       3.3600000      0.84800000
      1442.01      0.98000000       1.0730000
      1612.01       2.4400000      0.82100000
      1925.01       4.8100000       1.1910000
