Name	KOI	M/MJ	M/ME	R/RJ	R/RE	Density	Temp**	Transit Duration	Period	Semi-Major axis	Eccentricity	Inclination***	Distance	Effective Temp	Stellar Mass	Stellar Radius	Metallicity	Right Ascension  	Declination	Kp	Last Updated
Kepler-4b	7	0.077	24.5	0.357	4.0	1.91	1650	3.623	3.2135	0.04558	(0)	89.76	550	5857	1.223	1.487	+0.17	19 02 28	+50 08 09	12.2	2010/01/17
Kepler-5b	18	2.114	672	1.431	16	0.894	1868	4.370	3.5485	0.05064	(0)	86.3	--	6297	1.374	1.793	+0.04	19 57 38	+44 02 06	13.4	2010/01/17
Kepler-6b	17	0.669	213	1.323	14.8	0.352	1500	3.625	3.2347	0.04567	(0)	86.8	--	5647	1.209	1.391	+0.34	19 47 21	+48 14 24	13.3	2010/01/17
Kepler-7b	97	0.433	138	1.478	16.57	0.166	1540	5.254	4.8855	0.06224	(0)	86.5	--	5933	1.347	1.843	+0.11	19 14 20	+41 05 23	12.9	2010/01/17
Kepler-8b	10	0.603	192	1.419	15.91	0.261	1764	3.438	3.5225	0.0483	(0)	84.07	1330	6213	1.213	1.486	-0.055	18 45 09	+42 27 04	13.6	2010/01/17
Kepler-9b	377	0.252	80.1	0.842	9.44	0.524	740	3.822	19.24	0.14	0.15	88.55	700	5777	1.07	1.02	+0.12	19 02 17.76	+38 24 3.2	13.308	2010/12/01
Kepler-9c	377	0.171	54.4	0.823	9.23	0.383	540	4.109	38.91	0.225	0.13	88.12	700	5777	1.07	1.02	+0.12	19 02 17.76	+38 24 3.2	13.308	2010/12/01
Kepler-9d	377	--	--	--	1.64	--	2026	1.97	1.592851	0.02730	(0)	--	700	5777	1.07	1.02	+0.12	19 02 17.76	+38 24 3.2	13.308	2010/12/01
Kepler-10b	72	0.014	4.56	0.12	1.416	8.8	1833	1.811	0.837495	0.01684	(0)	84.4	173	5627	0.895	1.056	-0.15	19 02 43	+50 14 28.7	10.96	2011/01/10
Kepler-10c	72	< 0.06	< 20	0.2	2.227	< 10	485	6.863	42.29485	0.2407	0	89.65	173	5627	0.895	1.056	-0.15	19 02 43	+50 14 28.7	10.96	2011/05/23
Kepler-11b	157  	0.014	4.3	0.175	1.97	3.1	900	4.02	10.30375	0.091	(0)	88.5	613	5,680	0.95	1.1	0	19 48 27.62	+41 54 32.9	13.7	2011/02/02
Kepler-11c	157  	0.042	13.5	0.28	3.15	2.3	833	4.62	13.02502	0.106	(0)	89	613	5,680	0.95	1.1	0	19 48 27.62	+41 54 32.9	13.7	2011/02/02
Kepler-11d	157  	0.019	6.1	0.305	3.43	0.9	692	5.58	22.68719	0.159	(0)	89.3	613	5,680	0.95	1.1	0	19 48 27.62	+41 54 32.9	13.7	2011/02/02
Kepler-11e	157  	0.026	8.4	0.402	4.52	0.5	617	4.33	31.99590	0.194	(0)	88.8	613	5,680	0.95	1.1	0	19 48 27.62	+41 54 32.9	13.7	2011/02/02
Kepler-11f	157  	0.007	2.3	0.232	2.61	0.7	544	6.54	46.68876	0.25	(0)	89.4	613	5,680	0.95	1.1	0	19 48 27.62	+41 54 32.9	13.7	2011/02/02
Kepler-11g	157  	> 0.94	> 300	0.326	3.66	--	400	9.60	118.37774	0.462	(0)	89.8	613	5,680	0.95	1.1	0	19 48 27.62	+41 54 32.9	13.7	2011/02/02
Kepler-12b	20	0.431	137	1.695	19	0.111	1361	4.6975	4.4379637	0.0556	<0.01	88.76	600	5947	1.166	1.483	+0.07	19 04 58.44	+41 02 25	13.438	2011/09/09
Kepler-13b	13	9.2	2900	2.027	22.77	--	3320	3.1666	1.7637	0.037	--	60	 	8848	2.05	2.68	--	19 07 53.08	+46 52 06	9.96	2012/11/1
Kepler-14b	98	8.4	2670	1.14	12.7	7.1		6.218	6.79		.035	90	980	6395	1.512	2.048	+0.12	19 10 50.12	+47 19 59.0	12.128	2011/07/23
Kepler-15b	128	0.66	210	0.96	10.8	0.93	1111	3.5	4.942782	0.05714	0.06	87.44	--	5515	1.018	0.992	+0.36	19 44 48	+49 08 24.5	13.76	2011/10/21
Kepler-16b	1611	0.333	106	.7538	8.45	0.964	170-200	7.2(A)	1.68(B)	228.776	0.7048	0.0069	90.0322	61	4450(A)	0.6897(A)	0.20255(B)	0.6489(A)	0.22623(B)	-0.3(A)	19 16 18.17	+51 45 26.78	11.762	2011/09/15
Kepler-17b	203	2.45	779	1.31	14.71	1.35	1570	22.76	1.4857108	0.02591	<0.011	87.2	--	5630	1.061	1.019	+0.3	19 53 34.86	+47 48 54.0	14.14	2011/10/26
Kepler-18b	137	0.02	6.9	0.18	2.0	4.9	1179	2.1	3.504725	0.0447	(0)	84.92	--	5345	0.972	1.108	+0.19	19 52 19.06	+44 44 46.75	13.549	2011/10/04
Kepler-18c	137	0.054	17.3	0.489	5.49	0.59	909	3.6	7.64159	0.0752	(0)	87.68	--	5345	0.972	1.108	+0.19	19 52 19.06	+44 44 46.75	13.549	2011/10/04
Kepler-18d	137	0.051	16.4	0.62	6.98	0.27	728	4.0	14.85888	0.1172	(0)	88.07	--	5345	0.972	1.108	+0.19	19 52 19.06	+44 44 46.75	13.549	2011/10/04
Kepler-19b	84	> 0.06	> 20.3	0.2	2.209	<7.76	714	3.5	9.2869944	0.0853	[0]	89.94	2119	5541	0.936	0.850	-0.13	19 21 40.99	+41 51 6.5	11.90	2011/09/08
Kepler-19c	84	6	>1900	--	--	--	--	n.a.	<160	--	--	<85.7	2119	5541	0.936	0.850	-0.13	19 21 40.99	+41 51 6.5	11.90	2011/09/08
Kepler-20b	70	0.027	8.7	0.170	1.91	6.5	1014	2.4	3.6961219	0.04537	< 0.32	86.50	290	5466	0.912	0.944	+0.02	19 10 47.5	+42 20 19.4	12.498	2011/12/20
Kepler-20c	70	0.051	16.1	0.273	3.07	2.91	713	3.6	10.854092	0.0930	< 0.40	88.39	290	5466	0.912	0.944	+0.02	19 10 47.5	+42 20 19.4	12.498	2011/12/20
Kepler-20d	70	> 0.063	> 20.1	0.245	2.75	< 4.07	369	6.4	77.61184	0.3453	< 0.60	89.570	290	5466	0.912	0.944	+0.02	19 10 47.5	+42 20 19.4	12.498	2011/12/20
Kepler-20e	70	> 0.005	0.39-1.67	0.077	0.868	--	1040	2.6	6.098493	0.0507	< 0.28	87.50	290	5466	0.912	0.944	+0.02	19 10 47.5	+42 20 19.4	12.498	2011/12/20
Kepler-20f	70	> 0.010	0.66-3.04	0.092	1.034	--	705	3.0	19.57706	0.1104	< 0.32	88.68	290	5466	0.912	0.944	+0.02	19 10 47.5	+42 20 19.4	12.498	2011/12/20
Kepler-21b	975	> 0.033	> 10.4	0.1459	1.636	<12.9	1956	3.439	2.785755	0.0425	[0]	82.58	108	6131	1.34	1.86	-0.05	19 09 26.8	+38 42 50.5	8.2	2011/11/21
Kepler-22b	87	> 0.11	> 36 (1σ)	0.212	2.38	<14.7	262	7.415	289.8623	0.849	[0]	89.764	190	5518	0.970	0.979	-0.29	19 16 52.2	+47 53 4.2	11.664	2011/12/01
Kepler-23b	168	> 0.8	> 200	0.17	1.9	--	--	4.77	7.1073	0.075	--	--	~800	5760	1.11	1.52	-0.09†	19 36 52.54	+49 28 45.2	13.438	2012/01/26
Kepler-23c	168	> 2.7	> 860	0.29	3.2	--	--	6.13	10.7421	0.099	--	--	~800	5760	1.11	1.52	-0.09†	19 36 52.54	+49 28 45.2	13.438	2012/01/26
Kepler-24b	1102	> 1.6	> 510	0.21	2.4	--	--	4.02	8.1453	0.080	--	--	~1200	5800	1.03	1.07	-0.24†	19 21 39.18	+38 20 37.5	14.925	2012/01/26
Kepler-24c	1102	> 1.6	> 510	0.25	2.8	--	--	3.71	12.3335	0.106	--	--	~1200	5800	1.03	1.07	-0.24†	19 21 39.18	+38 20 37.5	14.925	2012/01/26
Kepler-25b	244	> 12.7	> 4040	0.23	2.6	--	--	3.58	6.2385	0.068	--	--	--	6190	1.22	1.36	+0.01†	19 06 33.21	+39 29 16.4	10.734	2012/01/26
Kepler-25c	244	> 4.16	> 1320	0.40	4.5	--	--	2.89	12.7204	0.110	--	--	--	6190	1.22	1.36	+0.01†	19 06 33.21	+39 29 16.4	10.734	2012/01/26
Kepler-26b	250	> 0.380	> 121	0.32	3.6	--	--	2.82	12.2829	0.085	--	--	--	4500	0.65	0.59	-0.21†	18 59 45.84	+46 33 59.5	15.473	2012/01/26
Kepler-26c	250	> 0.375	> 119	0.32	3.6	--	--	2.12	17.2513	0.107	--	--	--	4500	0.65	0.59	-0.21†	18 59 45.84	+46 33 59.5	15.473	2012/01/26
Kepler-27b	841	> 9.11	> 2900	0.36	4.0	--	--	3.47	15.3348	0.118	--	--	--	5400	0.65	0.59	+0.41†	19 28 56.82	+41 05 09.2	15.855	2012/01/26
Kepler-27c	841	> 13.8	> 4390	0.44	4.9	--	--	4.75	31.3309	0.191	--	--	--	5400	0.65	0.59	+0.41†	19 28 56.82	+41 05 09.2	15.855	2012/01/26
Kepler-28b	870	> 1.51	> 480	0.32	3.6	--	--	2.77	5.9123	0.062	--	--	--	4590	0.75	0.70	+0.34†	19 28 32.89	+42 25 45.9	15.036	2012/01/26
Kepler-28c	870	> 1.36	> 432	0.30	3.4	--	--	4.39	8.9858	0.081	--	--	--	4590	0.75	0.70	+0.34†	19 28 32.89	+42 25 45.9	15.036	2012/01/26
Kepler-29b	738	> 0.4	> 100	0.32	3.6	--	815	2.81	10.336	0.09	--	--	~1400	5750	1.00	0.96	0.0	19 53 23.60	+47 29 28.4	15.282	2012/01/26
Kepler-29c	738	> 0.3	> 100	0.26	2.9	--	749	3.05	13.2907	0.11	--	--	~1400	5750	1.00	0.96	0.0	19 53 23.60	+47 29 28.4	15.282	2012/01/26
Kepler-30b	806	> 0.2	> 60	0.33	3.7	--	548	4.80	29.329	0.18	--	--	~1400	5498	0.99	0.95	+0.18	19 01 08.07	+38 56 50.2	15.403	2012/01/26
Kepler-30c	806	> 9.1	> 2900	1.28	14.4	--	431	5.741	60.3251	0.30	--	--	~1400	5498	0.99	0.95	+0.18	19 01 08.07	+38 56 50.2	15.403	2012/01/26
Kepler-30d	806	> 17	> 5400	0.952	10.7	--	323	7.728	143.213	0.5	--	--	~1400	5498	0.99	0.95	+0.18	19 01 08.07	+38 56 50.2	15.403	2012/01/26
Kepler-31b	935	> 6.8	> 2200	0.38	4.3	--	776	4.99	20.8613	0.16	--	--	~2100	6340	1.21	1.22	-0.076	19 36 05.52	+45 51 11.1	15.237	2012/01/26
Kepler-31c	935	> 4.7	> 1500	0.37	4.2	--	612	6.02	42.6318	0.26	--	--	~2100	6340	1.21	1.22	-0.076	19 36 05.52	+45 51 11.1	15.237	2012/01/26
Kepler-32b	952	> 4.1	> 1300	0.36	4.1	--	542	2.11	5.90124	0.05	--	--	280	3900	0.58	0.53	0.0	19 51 22.18	+46 34 27.4	15.913	2012/01/26
Kepler-32c	952	> 0.5	> 200	0.33	3.7	--	475	2.3	8.7522	0.09	--	--	280	3900	0.58	0.53	0.0	19 51 22.18	+46 34 27.4	15.913	2012/01/26
Kepler-33b	707	--	--	0.134	1.504	--	--	4.80	5.667939	0.06544	(0)	88.03	--	5849	1.164	1.615	+0.12†	19 16 18.61	+46 00 18.8	13.988	2012/01/26
Kepler-33c	707	--	--	0.245	2.751	--	--	6.616	13.17563	0.11484	(0)	89.46	--	5849	1.164	1.615	+0.12†	19 16 18.61	+46 00 18.8	13.988	2012/01/26
Kepler-33d	707	--	--	0.406	4.564	--	--	7.987	21.7759	0.16053	(0)	(90)	--	5849	1.164	1.615	+0.12†	19 16 18.61	+46 00 18.8	13.988	2012/01/26
Kepler-33e	707	--	--	0.307	3.446	--	--	8.819	31.78438	0.20656	(0)	89.576	--	5849	1.164	1.615	+0.12†	19 16 18.61	+46 00 18.8	13.988	2012/01/26
Kepler-33f	707	--	--	0.341	3.827	--	--	9.732	41.02903	0.2449	(0)	89.772	--	5849	1.164	1.615	+0.12†	19 16 18.61	+46 00 18.8	13.988	2012/01/26
Kepler-34b	2459	0.220	69.9	0.764	8.56	0.613	--		288.822	1.0896	0.182	90.355	1499	5913(A)	5867(B)	1.0479(A)	1.0208(B)	1.1618(A)	1.0927(B)	-0.02	19 45 44.6	+44 38 29.6	14.875	2012/01/11
Kepler-35b	2937	0.127	40.4	0.728	8.16	0.410	--		131.458	0.60347	0.042	90.76	1645	5606(A)	5202(B)	0.8877(A)	0.8094(B)	1.0284(A)	0.7861(B)	-0.13	19 37 59.3	+46 41 23.6	15.726	2012/01/11
Kepler-36b	277	0.014	4.45	0.132	1.486	7.46	980	6.78	13.83989	0.1153	<0.04	90.0	470	5911	1.071	1.626	-0.2	19 25 0.04	+49 13 54.6	11.9	2012/06/21
Kepler-36c	277	0.025	8.08	0.327	3.679	0.89	930	7.443	16.23855	0.1283	<0.04	90.0	470	5911	1.071	1.626	-0.2	19 25 0.04	+49 13 54.6	11.9	2012/06/21
Kepler-37b	245	> 0.00003	> 0.01	0.0270	0.303	--	700	3.0	13.367308	0.1003	--	88.63	~66	5417	0.803	0.770	-0.32†	18 56 14.289	+44 31 05.57	9.701	2013/02/20
Kepler-37c	245	--	--	0.0660	0.742	--	560	3.8	21.301886	0.742	--	89.07	~66	5417	0.803	0.770	-0.32†	18 56 14.289	+44 31 05.57	9.701	2013/02/20
Kepler-37d	245	--	--	0.177	1.99	--	460	4.6	39.792187	0.2076	--	89.335	~66	5417	0.803	0.770	-0.32†	18 56 14.289	+44 31 05.57	9.701	2013/02/20
Kepler-38b	1740	> 0.384	> 122	0.39	4.35		475	varies	105.595	0.4644	<0.032	89.446	600	5640	0.949	0.249	1.757	0.2724	-0.11	19 07 19.28	+42 16 4.51	13.94	2012/08/20
Kepler-47b	3154	> 2.7	> 860	0.265	2.98	--	450	--	49.514	0.2956	< 0.035	89.59	1,500	5636(A)	1.043(A)	0.362(B)	0.964(A)	0.3506(B)	-0.25†(A)	19 41 11.501	+46 55 13.69	15.178	2012/08/28
Kepler-47c	3154	>17	>5400	0.410	4.61	--	200-247	--	303.158	0.989	< 0.411	89.826	1,500	5636(A)	1.043(A)	0.362(B)	0.964(A)	0.3506(B)	-0.25(A)	19 41 11.501	+46 55 13.69	15.178	2012/08/28
Kepler-48b	148	> 5.94	> 1890	0.190	2.14	--	937	2.8412	4.7779803	0.053	--	--	--	5190	0.89	0.89	--	19 56 33.410	+40 56 56.47	13.04	2012/08/24
Kepler-48c	148	> 11.61	> 3690	0.279	3.14	--	740	3.5027	9.6739283	0.085	--	--	--	5190	0.89	0.89	--	19 56 33.410	+40 56 56.47	13.04	2012/08/24
Kepler-49b	248	> 0.98	> 310	0.242	2.72	--	521	2.9766	7.2037945	0.060	--	--	--	3974	0.55	0.53	--	19 29 10.702	+40 35 30.44	15.264	2012/08/24
Kepler-49c	248	> 0.72	> 230	0.227	2.55	--	454	2.8577	10.9129343	0.079	--	--	--	3974	0.55	0.53	--	19 29 10.702	+40 35 30.44	15.264	2012/08/24
Kepler-50b	262	> 0.10	> 32	0.20	2.2	--	1278	4.2439	7.8125124	0.082	--	--	--	6058	1.23	1.88	--	19 12 24.209	+50 02 01.39	10.421	2012/08/24
Kepler-50c	262	> 0.11	> 35	0.248	2.79	--	1200	2.6022	9.3761368	0.093	--	--	--	6058	1.23	1.88	--	19 12 24.209	+50 02 01.39	10.421	2012/08/24
Kepler-51b	620	> 3.23	> 1030	0.627	7.05	--	490	5.7799	45.1555023	0.249	--	--	--	5803	1.00	0.91	--	19 45 55.145	+49 56 15.65	14.669	2012/08/24
Kepler-51c	620	> 2.60	> 826	0.508	5.71	--	396	2.7849	85.3128662	0.381	--	--	--	5803	1.00	0.91	--	19 45 55.145	+49 56 15.65	14.669	2012/08/24
Kepler-52b	775	> 8.70	> 2760	0.19	2.1	--	517	2.4223	7.8773565	0.063	--	--	--	4075	0.54	0.52	--	19 06 57.129	+49 58 32.70	15.095	2012/08/24
Kepler-52c	775	> 10.41	> 3308	0.164	1.84	--	405	3.1252	16.3850021	0.103	--	--	--	4075	0.54	0.52	--	19 06 57.129	+49 58 32.70	15.095	2012/08/24
Kepler-53b	829	> 18.41	> 5851	0.257	2.89	--	658	4.4815	18.6489525	0.137	--	--	--	5858	0.98	0.89	--	19 21 50.825	+40 33 44.86	15.386	2012/08/24
Kepler-53c	829	> 15.74	> 5002	0.282	3.17	--	517	5.0162	38.5583038	0.222	--	--	--	5858	0.98	0.89	--	19 21 50.825	+40 33 44.86	15.386	2012/08/24
Kepler-54b	886	> 0.92	> 290	0.19	2.1	--	461	3.4129	8.0109434	0.063	--	--	--	3705	0.51	0.5	--	19 39 05.746	+43 03 22.68	15.847	2012/08/24
Kepler-54c	886	> 0.37	> 120	0.109	1.23	--	402	4.9738	12.0717249	0.083	--	--	--	3705	0..51	0.5	--	19 39 05.746	+43 03 22.68	15.847	2012/08/24
Kepler-55b	904	> 1.49	> 474	0.216	2.43	--	375	3.4932	27.9481449	0.153	--	--	--	4362	0.62	0.58	--	19 00 40.399	+44 01 35.26	15.791	2012/08/24
Kepler-55c	904	> 1.11	> 353	0.197	2.21	--	326	5.0617	42.1516418	0.202	--	--	--	4362	0.62	0.58	--	19 00 40.399	+44 01 35.26	15.791	2012/08/24
Kepler-56b	1241	> 5.12	> 1630	0.342	3.84	--	1196	13.5401	10.5034294	0.104	--	--	--	4931	1.37	3.14	--	19 35 02.004	+41 52 18.73	12.44	2012/08/24
Kepler-56c	1241	> 12.18	> 3871	0.699	7.85	--	944	11.0797	21.4050484	0.167	--	--	--	4931	1.37	3.14	--	19 35 02.004	+41 52 18.73	12.44	2012/08/24
Kepler-57b	1270	> 18.86	> 5994	0.195	2.19	--	797	1.1185	5.7293196	0.059	--	--	--	5145	0.83	0.73	--	19 34 33.910	+44 39 25.34	14.809	2012/08/24
Kepler-57c	1270	> 6.95	> 2210	0.138	1.55	--	631	1.7074	11.6092567	0.094	--	--	--	5145	0.83	0.73	--	19 34 33.910	+44 39 25.34	14.809	2012/08/24
Kepler-58b	1336	> 1.39	> 442	0.247	2.78	--	868	4.3967	10.2184954	0.091	--	--	--	5843	0.95	1.03	--	19 45 26.078	+39 06 54.68	14.82	2012/08/24
Kepler-58c	1336	> 2.19	> 696	0.255	2.86	--	753	5.1013	15.5741568	0.121	--	--	--	5843	0.95	1.03	--	19 45 26.078	+39 06 54.68	14.82	2012/08/24
Kepler-59b	1529	> 2.05	> 652	0.10	1.1	--	811	5.977	11.8681707	0.103	--	--	--	6074	1.04	0.94	--	19 08 09.482	+46 38 24.47	14.307	2012/08/24
Kepler-59c	1529	> 1.37	> 435	0.176	1.98	--	706	4.1249	17.9801235	0.136	--	--	--	6074	1.04	0.94	--	19 08 09.482	+46 38 24.47	14.307	2012/08/24
Kepler-60b	2086	> 0.25	> 79	0.203	2.28	--	1166	4.1519	7.1316185	0.075	--	--	--	5915	1.11	1.5	--	19 15 50.697	+42 15 54.04	13.959	2012/08/24
Kepler-60c	2086	> 0.56	> 180	0.220	2.47	--	1082	4.4059	8.9193459	0.087	--	--	--	5915	1.11	1.5	--	19 15 50.697	+42 15 54.04	13.959	2012/08/24
Kepler-60d	2086	> 0.68	> 220	0.227	2.55	--	985	2.9856	11.9016171	0.105	--	--	--	5915	1.11	1.5	--	19 15 50.697	+42 15 54.04	13.959	2012/08/24
Kepler-65b	85.02	--	--	0.126	1.42	--	1592	3.077	2.154910	0.035	0	79.07		6211	1.25	1.41	+0.17	19 14 45.3	+41 09 04.2	11.018	2013/02/20
Kepler-65c	85.01	--	--	0.23	2.58	--	1142	3.928	5.859944	0.068	0	83.65		6211	1.25	1.41	+0.17	19 14 45.3	+41 09 04.2	11.018	2013/02/20
Kepler-65d	85.03	--	--	0.135	1.52	--	1028	4.1	8.131146	0.084	0	84.8		6211	1.25	1.41	+0.17	19 14 45.3	+41 09 04.2	11.018	2013/02/20
Kepler-68b	246	0.026	8.3	0.206	2.31	3.32	1280	3.459	5.398763	0.06170	0	87.60	135	5793	1.079	1.243	+0.12	19 24 07.75	+49 02 25.0	10.00	2013/02/14
Kepler-68c	246	0.015	4.8	0.0848	0.953	28	--	3.09	9.605085	0.09059	0	86.93	135	5793	1.079	1.243	+0.12	19 24 07.75	+49 02 25.0	10.00	2013/02/14
Kepler-68d	246	> 0.947	> 301	--	--	--	--	††	580	1.40	0.18	--	135	5793	1.079	1.243	+0.12	19 24 07.75	+49 02 25.0	10.00	2013/02/14
Kepler-43b	135.01	3.23	1027	1.20	13.5	2.33	1637	2.926	3.024095	0.0449	<0.025	84.35	1950	6041	1.32	1.42	+0.33	19 00 57.8	+46 40 5.9	14.0	2012/02/13
Kepler-41b	196.01	0.49	156	0.841	9.4	1.02	1930	2.376	1.855558	0.029	0	88.3	730	5660	0.94	0.966	-0.09	19 38 3.19	+45 58 53.8	14.465	2012/02/12
Kepler-44b	204.01	1.02	324	1.24	13.9	0.65	1603	3.218	3.246740	0.0455	<0.021	83.78	1950	5757	1.19	1.52	+0.26	20 00 24.6	+45 45 43.6	14.7	2012/02/13
Kepler-45b	254.01	0.505	160	0.96	10.8	0.8	1000	1.6	2.455239	0.030	0.11	87.0	333	3820	0.59	0.55	+0.13	19 31 29.5	+41 03 51.3	15.979	2012/02/13
Kepler-39b	423.01	18	5720	1.22	13.7	12.4	905	6.02	21.0874	0.155	0.121	88.83	1200	6260	1.1	1.39	-0.29	19 47 50.5	+46 2 3.5	14.327	2012/02/13
Kepler-40b	428.01	2.2	699	1.17	13.1	1.68	1620	6.86	6.87349	0.080	0	89.7	2700	6510	1.48	2.13	+0.10	19 47 15.3	+47 31 35.8	14.58	2012/02/13
Kepler-42b	961.01	> 0.009	> 2.73	0.069	0.78		519	0.5391	1.2137672	0.0116	[0]		39	3068	0.13	0.17	-0.33	19 28 52.6	+44 37 9	15.92	2012/02/14
Kepler-42c	961.02	> 0.006	> 2.06	0.065	0.73		720	0.5518	0.45328509	0.0060	[0]		39	3068	0.13	0.17	-0.33	19 28 52.6	+44 37 9	15.92	2012/02/14
Kepler-42d	961.03	> 0.003	> 0.9	0.051	0.57		450	0.7135	1.865169	0.0154	[0]		39	3068	0.13	0.17	-0.33	19 28 52.6	+44 37 9	15.92	2012/02/14
Kepler-46b	872.01	> 6	> 1907	0.812	9.1	<14000	544		33.60134	0.1967	<0.02	0.97	857	5155	0.902	0.940	+0.41†	19 17 4.49	+42 36 15	15.262	2012/05/11
Kepler-46c	872.02	0.376	119.5	--	--	--	456	††	57.004	0.2799	<0.015	<4.5	857	5155	0.902	0.940	+0.41†	19 17 4.49	+42 36 15	15.262	2012/05/16
Kepler-64b	PH1b	0.531	169	0.551	6.18	--	480	--	138.317	0.652	0.0702	90.050	1000	6407	1.528	1.734	+0.21	19 52 51.63	+39 57 18.4	12.395	2013/03/29