KOI,      M_pl,         M_pl_err,      Rp,       Rp_err,       
k00041     0.973449      3.61854      2.20400    0.0196628     
k00041      6.48480      2.80491      1.31500    0.0117316     
k00041     -4.49509      5.84907      1.61200    0.0143813     
k00069      2.44734      1.94993      1.50100    0.0133910     
k00082      9.31877      2.74343      2.22700    0.0198680     
k00082      4.08300      2.47579      1.18300    0.0105540     
k00082      8.56925      3.96514     0.885000   0.00789544     
k00082     -2.35028      2.31874     0.581000   0.00518333
k00082     0.354526      2.33915     0.581000   0.00421090 
k00104      13.7446      3.19008      3.50000    0.0312249 
;k00104      3054.92      289.264      3.35999    0.0299759 
k00108      14.1009      4.11892      3.37200    0.0300830 
k00108     -10.1557      12.1334      5.14000    0.0458560 
k00116      10.2144      4.83112      2.51000    0.0223927 
k00116      10.9295      9.05142      2.57000    0.0229280 
k00116     0.146894      4.29890     0.814000   0.00726202 
k00116     -12.8205      6.81081     0.950000   0.00847533 
k00122      10.9330      2.79707      3.42300    0.0305380 
k00123     -3.27069      5.37825      2.37400    0.0211794 
k00123     -1.38369      11.6501      2.51800    0.0224641 
k00148      4.42657      4.97603      1.87800    0.0167544 
k00148      16.6997      5.07531      2.71000    0.0241770 
k00148      20.2646      10.9810      2.04300    0.0182264 
;k00148      1735.29      839.342      2.35000    0.0209653  
k00153     -11.8137      6.19848      2.18500    0.0194933 
k00153      8.56633      3.86938      1.81500    0.0161923 
k00153      23.3423      9.14526      2.07000    0.0184673 
k00244      22.5149      5.93919      5.20300    0.0464181 
k00244      8.42903      4.28837      2.70800    0.0241592 
;k00244      82.8894      16.1481      3.39999    0.0303327 
k00245     -6.28904      4.54687      1.94400    0.0173432 
k00245      3.40847      4.63685     0.750000   0.00669105 
k00245    -0.485931      3.32012     0.320000   0.00285485 
k00246      7.25342      1.45179      2.31000    0.0206084  
k00246      1.92704      2.05609     0.953000   0.00850210 
;k00246      268.151      6.48776      2.53000    0.0225711 
k00261      7.04458      4.76802      2.67000    0.0238201 
k00261      10.1617      15.5587      2.65000    0.0236417 
k00283      15.8266      5.17420      2.40800    0.0214827 
k00283      16.9544      7.06553     0.836000   0.00745829 
k00292      3.80131      2.73964      1.47000    0.0131145 
k00299      2.78387      2.23592      1.98700    0.0177268 
;k00299      20.4691      25.4862      2.20000    0.0196271 
k00305      6.49398      2.44027      1.47800    0.0131858 
k00321      6.11918      1.74419      1.41300    0.0126059 
k00321      2.67087      2.28766     0.848000   0.00756535      
;k00321     -8.30902      25.3932     0.820000   0.00731555   
k01612     0.317133      2.04150     0.821000   0.00732447   
k01925      2.77212      5.30232      1.19100    0.0106254  

