KOI    Per    Mp         eps(Mp)   Rp   rho  eps(rho)  Rs  eps(Rs)	Teff eps(Teff) Ms eps(Ms) Rs_ast
----------------------------------------------------------------------
41.02   6.89   7.29  3.02   1.55  10.77  5.54  1.55	0.035	5825	75	1.080 	0.063	1.49
82.01  16.15  7.74  2.86   2.54  2.60  1.27   0.74	0.024	4903	44	0.800	0.020	0.736
104.01  2.51 13.80 3.19   3.36  2.00  0.78 0.76		0.033	4781	78	0.814	0.025	0.757
116.01 13.57 11.82 4.76  2.47  4.31  2.13  1.04		0.167	5858	98	1.003	0.057	1.037
122.01 11.52  9.97 3.47   3.86  0.95  0.41  1.51	0.039	5699	74	1.084	0.076	1.415
148.02  9.67  14.75 4.34  3.15  2.60  1.12  0.89	0.047	5194	43	0.883	0.021	0.888
153.02  4.75  9.74  4.59   2.07  6.04  3.34 0.69	0.020	4725	44	0.745	0.017	0.687
244.01 12.72 23.9  5.78   5.65  0.73  0.30  1.44	0.023	6270	79	1.187	0.060	1.309
244.02   6.24  7.95 3.90   2.95  1.70  0.95  1.44	0.023	6270	79	1.187	0.060	1.309
246.01   5.40  7.43  1.46  2.53  2.53  0.91  1.24	0.019	5793	100	1.079	0.051	1.243
283.01  16.09 13.84 5.78  2.41  5.44  2.78  1.03	0.098	5685	44	1.021	0.024	1.035
299.01  1.54   4.14  2.10  1.98  2.93  1.70  1.19	0.124	5539	43	0.988	0.024	1.111
305.01  4.60   6.68 2.48   1.57  9.49  4.47  0.73	0.040	4782	115	0.788	0.034	0.732
321.01  2.43   6.27  1.75  1.50  10.21 4.15 1.11	0.021	5538	44	1.070	0.040	1.069
----------------------------------------------------------------------