FORPRINT: Wed Oct  9 14:06:04 2013
{ 55 Cnc e       8.3799155      0.39241453       2.2100000      0.15000001       4.2675632      0.89164428      0.73654600     0.015439300   0.00025732100       2439.6898       106.40730      0.90499997     0.015000000      0.94300002    0.0099999998       5196.0000       24.000000 \citet{McArthur2004} \citet{Endl2012}}
{ CoRoT-1 b       327.28551       39.271327       16.701381      0.89671846      0.38617732     0.077565545       1.5089557     0.025319100    0.0013325800       2161.2607       370.36000      0.94999999      0.15000001       1.1100000     0.050000001       5950.0000       150.00000 \citet{Barge2008} \citet{Barge2008}}
{ CoRoT-10 b       875.69991       50.861781       10.872711      0.78462865       3.7450610      0.83945736       13.240600      0.10546300    0.0019749700       39.381600       5.6960834      0.88999999     0.050000001      0.79000002     0.050000001       5075.0000       75.000000 \citet{Bonomo2010} \citet{Bonomo2010}}
{ CoRoT-11 b       746.27273       108.69741       16.028842      0.33626942      0.99611220      0.15805286       2.9943300     0.044054900   0.00073424900       1492.4027       138.27504       1.2700000     0.050000001       1.3700000     0.029999999       6440.0000       120.00000 \citet{Gandolfi2010} \citet{Gandolfi2010}}
{ CoRoT-12 b       292.13059       22.463373       16.140932       1.4571675      0.38186369      0.10750906       2.8280420     0.040140900   0.00092470600       721.06460       132.33185       1.0779999     0.074500002       1.1160001     0.093999997       5675.0000       80.000000 \citet{Gillon2010} \citet{Gillon2010}}
{ CoRoT-13 b       416.65209       24.607237       9.9199479      0.15692573       2.3461866      0.17775740       4.0351900     0.051069000   0.00085115000       438.35435       39.953048       1.0900000     0.020000000       1.0100000     0.029999999       5945.0000       90.000000 \citet{Cabrera2010} \citet{Cabrera2010}}
{ CoRoT-14 b       2445.4849       143.98586       12.217789      0.78462865       7.3706246       1.4848605       1.5121400     0.026912200   0.00071448600       2405.8653       378.09255       1.1300000     0.090000004       1.2100000     0.079999998       6035.0000       100.00000 \citet{Tingley2011} \citet{Tingley2011}}
{ CoRoT-16 b       170.97962       27.812704       13.114507       1.6813471      0.41668278      0.17400659       5.3522700     0.061787400    0.0015006100       359.26470       87.154773       1.0980000     0.079999998       1.1900001      0.13500001       5650.0000       100.00000 \citet{Ollivier2012} \citet{Ollivier2012}}
{ CoRoT-17 b       781.83280       88.162964       11.433160      0.78462865       2.8756245      0.67502716       3.7681000     0.048049900    0.0015400600       964.52493       103.38573       1.0400000      0.10000000       1.5121000     0.049417101       5740.0000       80.000000 \citet{Csizmadia2011} \citet{Csizmadia2011}}
{ CoRoT-18 b       1108.0749       119.35635       14.683765       2.0176165       1.9238626      0.81967090       1.9000693     0.029548300    0.0015551700       900.67511       261.17536      0.94999999      0.15000001       1.0000000      0.13000000       5440.0000       100.00000 \citet{Hebrard2011} \citet{Hebrard2011}}
{ CoRoT-19 b       352.11376       20.468311       14.459585      0.33626942      0.64022505     0.058139247       3.8971300     0.051660400   0.00086100700       1260.3512       94.111851       1.2100000     0.050000001       1.6500000     0.039999999       6090.0000       70.000000 \citet{Guenther2012} \citet{Guenther2012}}
{ CoRoT-2 b       1040.9348       54.284984       16.432366      0.48198617       1.2895566      0.13190523       1.7429935     0.028088400   0.00057914200       926.36779       95.263712      0.97000003     0.059999999      0.90200001     0.017999999       5625.0000       120.00000 \citet{Alonso2008} \citet{Gillon2010}}
{ CoRoT-23 b       980.56109       99.394603       11.769430       1.4571675       3.3061728       1.2729154       3.6313000     0.048341700    0.0011308000       1221.6229       291.10319       1.1400000     0.079999998       1.6100000      0.18000001       5900.0000       100.00000 \citet{Rouan2012} \citet{Rouan2012}}
{ CoRoT-3 b       6945.8603       315.17079       11.321071      0.78462865       26.313627       5.5999193       4.2568000     0.057378800    0.0012564700       1368.5973       203.61748       1.3700000     0.090000004       1.5599999     0.090000004       6740.0000       140.00000 \citet{Deleuil2008} \citet{Deleuil2008}}
{ CoRoT-4 b       228.00768       23.006649       13.338687      0.61649394      0.52811363     0.090563011       9.2020500     0.090316600    0.0015052800       221.04922       13.596274       1.1600000     0.025000000       1.1700000     0.020000000       6190.0000       60.000000 \citet{Moutou2008,Aigrain2008} \citet{Moutou2008}}
{ CoRoT-5 b       147.00178       12.557856       15.558065      0.52121760      0.21457197     0.028303023       4.0378962     0.049633400   0.00082722400       712.19113       61.586295       1.0000000     0.020000000       1.1860000     0.039999999       6100.0000       65.000000 \citet{Rauer2009} \citet{Rauer2009}}
{ CoRoT-6 b       938.71556       105.31775       13.069672      0.39231433       2.3113045      0.33251181       8.8865930     0.085417700    0.0014236300       177.70964       12.264969       1.0500000     0.050000001       1.0250000     0.026000001       6090.0000       50.000000 \citet{Fridlund2010} \citet{Fridlund2010}}
{ CoRoT-7 b       5.0214614      0.86388594       1.6791053     0.090008115       5.8306031       1.3730867      0.85358500     0.017189700   0.00028649500       1779.4329       201.32836      0.93000001     0.029999999      0.87000000     0.039999999       5275.0000       75.000000 \citet{Queloz2009,Leger2009} \citet{Queloz2009}}
{ CoRoT-8 b       68.673256       10.806051       6.3891190      0.22417961       1.4473777      0.27401269       6.2122900     0.063382500    0.0010563700       88.183513       7.7770203      0.88000000     0.039999999      0.76999998     0.020000000       5080.0000       80.000000 \citet{Borde2010} \citet{Borde2010}}
{ CoRoT-9 b       268.09866       23.005982       11.769430      0.44835923      0.90395234      0.12918886       95.273800      0.40699100    0.0067831900       4.8206939      0.51899321      0.99000001     0.039999999      0.94000000     0.039999999       5625.0000       80.000000 \citet{Deeg2010} \citet{Deeg2010}}
{ GJ 1214 b       6.2600000      0.91000000       2.8000000      0.24000000       1.5675356      0.46303136       1.5804048     0.014325300   0.00057787800       16.630959       3.5942732      0.17600000    0.0087000001      0.21300000     0.011000000       3026.0000       130.00000 \citet{Charbonneau2009} \citet{Carter2011}}
{ GJ 3470 b       13.900000       1.4000000       4.8300000      0.21000000      0.67809505      0.11174717       3.3371400     0.035612300    0.0014701300       38.335092       10.180969      0.53899997     0.045000002      0.56800002     0.034000002       3600.0000       200.00000 \citet{Bonfils2012} \citet{Demory2013}}
{ GJ 436 b       23.104587       1.0116007       4.2224230     0.097518132       1.6870585      0.13827228       2.6438500     0.028718800   0.00047864700       29.881597       10.826984      0.45199999     0.013000000      0.46399999    0.0099999998       3350.0000       300.00000 \citet{Butler2004} \citet{Maness2007}}
{ HAT-P-1 b       169.19587       9.6464969       13.921554      0.59407598      0.34470198     0.048306903       4.4652934     0.055332600    0.0012534900       481.13954       60.210659       1.1330000     0.077000000       1.1350000     0.048000000       5975.0000       120.00000 \citet{Bakos2007} \citet{Bakos2007}}
{ HAT-P-11 b       26.231116       2.8607976       4.7301899      0.15692573       1.3623798      0.20115200       4.8878162     0.052544300   0.00087573800       97.354751       7.3541344      0.81000000     0.020000000      0.75000000     0.020000000       4780.0000       50.000000 \citet{Bakos2010} \citet{Bakos2010}}
{ HAT-P-12 b       66.997047       4.1981985       10.749413      0.28022452      0.29649586     0.029713017       3.2130598     0.038373700   0.00063956100       139.98139       10.368487      0.73000002     0.017999999      0.70099998     0.014500000       4650.0000       60.000000 \citet{Hartman2009} \citet{Hartman2009}}
{ HAT-P-13 b       272.39428       11.245083       14.358704      0.88550948      0.50578902     0.095878131       2.9162500     0.042694600   0.00087488900       1223.3408       155.96792       1.2200000     0.075000003       1.5599999     0.079999998       5653.0000       90.000000 \citet{Bakos2009} \citet{Winn2010}}
{ HAT-P-14 b       710.64860       25.848216       12.890328      0.58286700       1.8238125      0.25614332       4.6276690     0.060625800    0.0010104300       1003.9295       97.844696       1.3860000     0.045000002       1.4680001     0.054000001       6600.0000       90.000000 \citet{Torres2010} \citet{Torres2010}}
{ HAT-P-15 b       620.23207       24.024203       12.016027      0.48198617       1.9651181      0.24842271       10.863502     0.096469200    0.0016078200       110.08825       11.284691       1.0130000     0.043000001       1.0800000     0.039000001       5568.0000       90.000000 \citet{Kovacs2010} \citet{Kovacs2010}}
{ HAT-P-16 b       1335.6234       44.995205       14.448376      0.73979273       2.4341316      0.38278735       2.7759600     0.041327500   0.00068879200       1156.6216       123.67825       1.2180001     0.039000001       1.2370000     0.054000001       6158.0000       80.000000 \citet{Buchhave2010} \citet{Buchhave2010}}
{ HAT-P-17 b       168.49292       6.2043841       11.321071      0.32506044      0.63831687     0.059796974       10.338523     0.088238500    0.0014706400       65.166784       5.5868583      0.85699999     0.039000001      0.83700001     0.021000000       5246.0000       80.000000 \citet{Howard2012} \citet{Howard2012}}
{ HAT-P-18 b       62.675104       4.2560729       11.152936      0.58286700      0.24833882     0.042430740       5.5080230     0.055950300   0.00093250500       85.869044       10.625276      0.76999998     0.030999999      0.74900001     0.037000000       4803.0000       80.000000 \citet{Hartman2011} \citet{Hartman2011}}
{ HAT-P-19 b       92.889284       5.5853727       12.688566      0.80704661      0.24994539     0.050004718       4.0087780     0.046640900   0.00077734800       172.33078       27.614163      0.84200001     0.041999999      0.81999999     0.048000000       4990.0000       130.00000 \citet{Hartman2011} \citet{Hartman2011}}
{ HAT-P-2 b       2819.2404       129.00176       12.968791      0.76221069       7.1047831       1.2941986       5.6334729     0.067908800    0.0014364000       806.96478       129.53079       1.3080000     0.082999997       1.5060000      0.11300000       6290.0000       60.000000 \citet{Bakos2007} \citet{Pal2010}}
{ HAT-P-20 b       2316.7357       78.556957       9.7181863      0.36989636       13.875160       1.6527418       2.8753170     0.036160000   0.00060266700       147.34754       14.454700      0.75599998     0.028000001      0.69400001     0.021000000       4595.0000       80.000000 \citet{Bakos2011} \citet{Bakos2011}}
{ HAT-P-21 b       1296.1607       54.874534       11.477996       1.0312262       4.7117015       1.2855215       4.1244810     0.049495100   0.00082491900       447.82441       73.528323      0.94700003     0.041999999       1.1050000     0.082999997       5588.0000       80.000000 \citet{Bakos2011} \citet{Bakos2011}}
{ HAT-P-22 b       683.74054       24.529722       12.105699      0.65012088       2.1185507      0.34968193       3.2122200     0.041409400   0.00069015700       447.27344       48.819546      0.91600001     0.035000000       1.0400000     0.044000000       5302.0000       80.000000 \citet{Bakos2011} \citet{Bakos2011}}
{ HAT-P-23 b       666.16284       38.784115       15.333886       1.0088083       1.0156426      0.20899517       1.2128840     0.023197100   0.00038661900       2950.4412       408.64580       1.1300000     0.035000000       1.2029999     0.074000001       5905.0000       80.000000 \citet{Bakos2011} \citet{Bakos2011}}
{ HAT-P-24 b       217.97666       11.513828       13.921554      0.75100171      0.44408286     0.075599688       3.3552400     0.046502100   0.00077503500       1189.7862       142.25783       1.1910000     0.041999999       1.3170000     0.068000004       6373.0000       80.000000 \citet{Kipping2010} \citet{Kipping2010}}
{ HAT-P-25 b       180.25939       8.3606427       13.338687      0.76781518      0.41751858     0.074656164       3.6528360     0.046581300   0.00077635400       348.15856       40.453030       1.0100000     0.032000002      0.95899999     0.045499999       5500.0000       80.000000 \citet{Quinn2012} \citet{Quinn2012}}
{ HAT-P-26 b       18.639565       2.2828799       6.3330741      0.58286700      0.40337523      0.12183985       4.2345160     0.047868400   0.00079780700       163.05048       31.755803      0.81599998     0.033000000      0.78799999     0.070500001       5079.0000       88.000000 \citet{Hartman2011} \citet{Hartman2011}}
{ HAT-P-27 b       196.24690       9.5200377       11.433160      0.72858375      0.72180699      0.14236573       3.0395770     0.039948800   0.00086845200       308.73816       50.275530      0.92000002     0.059999999      0.87000000     0.039999999       5190.0000       165.00000 \citet{Anderson2011} \citet{Brown2012}}
{ HAT-P-28 b       199.53590       11.919585       13.585285       1.0928756      0.43745359      0.10875964       3.2572150     0.043367400   0.00072279000       604.88528       97.853655       1.0250000     0.046999998       1.1030000     0.079999998       5680.0000       90.000000 \citet{Buchhave2011} \citet{Buchhave2011}}
{ HAT-P-29 b       247.58029       20.403668       12.408342       1.2217789      0.71234766      0.21845833       5.7231860     0.066684200    0.0011114000       416.85848       76.107199       1.2070000     0.046000000       1.2240000      0.10400000       6087.0000       88.000000 \citet{Buchhave2011} \citet{Buchhave2011}}
{ HAT-P-3 b       189.32718       7.8950414       10.076874      0.51561311       1.0170743      0.16178318       2.8997030     0.038825200   0.00068334600       298.50217       35.086413      0.92799997     0.048999999      0.83300000     0.039000001       5185.0000       80.000000 \citet{Torres2007} \citet{Torres2008}}
{ HAT-P-30 b       225.99576       11.262722       15.020034      0.72858375      0.36661032     0.056391759       2.8105950     0.041904200   0.00069840400       1191.9507       126.57514       1.2420000     0.041000001       1.2150000     0.050999999       6304.0000       88.000000 \citet{Johnson2011} \citet{Johnson2011}}
{ HAT-P-31 b       689.35941       28.835342       11.993609       4.4835923       2.1964088       2.4649749       5.0054250     0.061192100    0.0012727400       618.50331       210.25767       1.2180001     0.075999998       1.3600000      0.22499999       6065.0000       100.00000 \citet{Kipping2011} \citet{Kipping2011}}
{ HAT-P-32 b       302.18185       53.868962       22.832694       1.1096891      0.13954494     0.032136999       2.1500090     0.034420300   0.00057367100       1914.9409       225.65042       1.1760000     0.056499999       1.3870000     0.067000002       6001.0000       88.000000 \citet{Hartman2011} \citet{Hartman2011}}
{ HAT-P-33 b       243.55582       37.063773       20.478808       3.2506044      0.15588404     0.077928837       3.4744740     0.050268300    0.0011465300       1903.1668       148.61810       1.4030000     0.096000001       1.7770000     0.028000001       6401.0000       88.000000 \citet{Hartman2011} \citet{Hartman2011}}
{ HAT-P-34 b       1059.6005       76.838204       13.417150       1.2329879       2.4114513      0.68742498       5.4526540     0.067746700    0.0011291100       537.46089       104.60015       1.3920000     0.046999998       1.1970000      0.11000000       6442.0000       88.000000 \citet{Bakos2012} \citet{Bakos2012}}
{ HAT-P-35 b       335.04873       12.715620       14.930362       1.0984801      0.55336807      0.12393216       3.6467060     0.049773400   0.00082955700       1030.1835       138.79393       1.2359999     0.048000000       1.4349999     0.083999999       6096.0000       88.000000 \citet{Bakos2012} \citet{Bakos2012}}
{ HAT-P-36 b       584.53793       31.896075       14.168152      0.79583763       1.1297706      0.20011295       1.3273470     0.023822900   0.00039704800       1818.3790       235.19436       1.0220000     0.048999999       1.0960000     0.056000002       5560.0000       100.00000 \citet{Bakos2012} \citet{Bakos2012}}
{ HAT-P-37 b       372.99510       33.422230       13.204179      0.86309152      0.89060689      0.19201273       2.7973600     0.037927300   0.00063212100       439.71130       62.485267      0.92900002     0.043000001      0.87699997     0.051500000       5500.0000       100.00000 \citet{Bakos2012} \citet{Bakos2012}}
{ HAT-P-38 b       85.037799       6.4272371       9.2474091      0.86869601      0.59111089      0.17247271       4.6403820     0.052299200   0.00087165400       226.04190       44.023088      0.88599998     0.044000000      0.92299998     0.081500001       5330.0000       100.00000 \citet{Sato2012} \citet{Sato2012}}
{ HAT-P-39 b       190.43450       31.737071       17.609309       5.1449222      0.19170607      0.17104298       3.5438700     0.050945600   0.00084909300       1560.3683       176.01753       1.4040000     0.050999999       1.6250000     0.071500003       6430.0000       100.00000 \citet{Hartman2012} \citet{Hartman2012}}
{ HAT-P-4 b       213.41634       11.413780       14.280241      0.61088945      0.40284519     0.056009049       3.0565360     0.044385300    0.0010669500       1367.9422       152.62351       1.2480000     0.090000004       1.5960000     0.067500003       5860.0000       80.000000 \citet{Kovacs2007} \citet{Kovacs2007}}
{ HAT-P-40 b       197.10985       26.196352       19.391537      0.69495681      0.14858974     0.025400753       4.4572430     0.060845000    0.0037491600       1611.6303       242.14160       1.5120000      0.27950001       2.2060001     0.061000001       6080.0000       100.00000 \citet{Hartman2012} \citet{Hartman2012}}
{ HAT-P-41 b       254.33392       32.975698       18.887133      0.71177028      0.20750251     0.035695377       2.6940470     0.042577500   0.00070962500       2337.2286       210.98734       1.4180000     0.046999998       1.6830000     0.046999998       6390.0000       100.00000 \citet{Hartman2012} \citet{Hartman2012}}
{ HAT-P-5 b       335.48968       36.025784       14.056062      0.59968047      0.66405699      0.11094441       2.7884910     0.040715200   0.00072726600       926.85878       105.09429       1.1569999     0.061999999       1.1650000     0.048999999       5960.0000       100.00000 \citet{Bakos2007} \citet{Bakos2007}}
{ HAT-P-6 b       336.74952       16.619520       14.907944      0.68374782      0.55868995     0.081667784       3.8529850     0.052373800   0.00087966400       1299.0590       131.55943       1.2900000     0.064999998       1.4600000     0.059999999       6570.0000       80.000000 \citet{Noyes2008} \citet{Noyes2008}}
{ HAT-P-7 b       569.40173       20.080162       15.277841       1.5804663      0.87770791      0.27414509       2.2047370     0.037964000   0.00063273300       4070.4873       302.72012       1.5000000     0.029999999       1.9809999     0.064999998       6389.0000       17.000000 \citet{Pal2008} \citet{Morris2013}}
{ HAT-P-8 b       411.05235       17.231953       16.813471      0.78462865      0.47538136     0.069473073       3.0763370     0.044961300   0.00074935400       1637.1674       176.52814       1.2800000     0.039999999       1.5800000     0.070000000       6200.0000       80.000000 \citet{Latham2009} \citet{Latham2009}}
{ HAT-P-9 b       246.81686       28.393863       15.692573      0.67253884      0.35108277     0.060570541       3.9228900     0.052864500    0.0017896800       909.50353       143.11687       1.2800000      0.13000000       1.3200001     0.070000000       6350.0000       150.00000 \citet{Shporer2009} \citet{Shporer2009}}
{ HATS-1 b       592.74921       80.226447       14.594093       1.4571675       1.0482306      0.34455126       3.4464590     0.044470800   0.00081184000       584.57026       122.93159      0.98600000     0.054000001       1.0380000      0.10150000       5870.0000       100.00000 \citet{Penev2013} \citet{Penev2013}}
{ HATS-2 b       428.78250       48.343403       13.092089      0.33626942       1.0503338      0.14343516       1.3541330     0.022983400   0.00038305700       1022.4074       92.509440      0.88200003     0.037000000      0.89800000     0.018999999       5227.0000       95.000000 \citet{Mohler-Fischer2013} \citet{Mohler-Fischer2013}}
{ HD 149026 b       114.88150       4.9575260       7.3306734      0.59407598       1.6030079      0.39581375       2.8758911     0.043132500   0.00071887500       1299.4981       202.09339       1.2940000     0.055000000       1.3680000      0.10150000       6160.0000       50.000000 \citet{Sato2005} \citet{Carter2009}}
{ HD 17156 b       1049.6685       35.455621       11.433160      0.89671846       3.8607391      0.91772189       21.216630      0.16319700    0.0027199600       142.83632       7.4529001       1.2850000     0.026000001       1.5070000     0.012000000       6079.0000       56.000000 \citet{Fischer2007} \citet{Barbieri2009}}
{ HD 189733 b       363.45321       17.876930       12.755820      0.30264248      0.96258816     0.083282137       2.2185757     0.030995300   0.00061529200       344.40058       25.351599      0.80599999     0.048000000      0.75599998     0.017999999       5040.0000       50.000000 \citet{Bouchy2005} \citet{Bouchy2005}}
{ HD 209458 b       219.18116       7.5149962       15.233005      0.16813471      0.34085027     0.016246871       3.5247486     0.047235000   0.00078724900       725.85384       38.907262       1.1310000     0.025000000       1.1550000     0.015000000       6065.0000       50.000000 \citet{Henry2000,Charbonneau2000} \citet{Torres2008}}
{ HD 80606 b       1236.4792       59.775902       11.534041      0.19055267       4.4295486      0.30668241       111.43670      0.44734300    0.0093391000       11.621545       1.7681964      0.95800000     0.059999999      0.98000002     0.070000000       5572.5098       44.000000 \citet{Naef2001} \citet{Moutou2009}}
{ HD 97658 b       7.8660057      0.73002476       2.3399980      0.16499956       3.3746206      0.77954173       9.4909000     0.079637300    0.0013273200       48.105999       6.0471799      0.74800003     0.033000000      0.70300001     0.036499999       5119.0000       80.000000 \citet{Howard2011} \citet{Dragomir2013}}
{ KELT-2 A b       483.28590       28.523628       14.414749      0.62770292      0.88695179      0.12714563       4.1137912     0.054970700   0.00091617800       1420.2428       104.21222       1.3080000     0.026500000       1.8279999     0.052000001       6151.0000       49.500000 \citet{Beatty2012} \citet{Beatty2012}}
{ KELT-3 b       464.53284       20.975896       15.221796      0.76781518      0.72399557      0.11433254       2.7033900     0.041272900   0.00068788200       1826.9266       176.24140       1.2819999     0.061000001       1.4820000     0.063000001       6304.0000       49.000000 \citet{Pepper2013} \citet{Pepper2013}}
{ KOI-200 b       212.01866       28.739107       14.795855       1.5692573      0.35980822      0.12444031       7.3407180     0.082706700    0.0024615100       418.26335       86.951308       1.4000000      0.12500000       1.5100000      0.14000000       6050.0000       110.00000 \citet{Borucki2011} \citet{Hebrard2013}}
{ KOI-889 b       3173.3327       158.14237       11.545250      0.67253884       11.335031       2.0598473       8.8849240     0.080741300    0.0018350300       104.59777       14.204021      0.88000000     0.059999999      0.88000000     0.039999999       5330.0000       120.00000 \citet{Borucki2011} \citet{Hebrard2013}}
{ Kepler-10 b       4.5391725       1.2484822       1.4159969     0.034499898       8.7883418       2.5010982      0.83749500     0.016757300   0.00037446500       3572.0477       241.14924      0.89499998     0.059999999       1.0560000     0.021000000       5627.0000       44.000000 \citet{Batalha2011} \citet{Batalha2011}}
{ Kepler-11 b       1.9000000       1.2000000       1.8000000     0.040000000       1.7908254       1.1373312       10.303900     0.091000000    0.0010000000       126.51230       7.6848107      0.96100003     0.025000000       1.0650001     0.020000000       5663.0000       60.000000 \citet{Lissauer2011} \citet{Lissauer2013}}
{ Kepler-11 c       2.9000000       2.2000000       2.8700000     0.055000000      0.67432533      0.51302403       13.024100      0.10700000    0.0010000000       91.442965       5.4530418      0.96100003     0.025000000       1.0650001     0.020000000       5663.0000       60.000000 \citet{Lissauer2011} \citet{Lissauer2013}}
{ Kepler-11 d       7.3000000       1.1000000       3.1200000     0.065000000       1.3212234      0.21553441       22.684500      0.15500000    0.0010000000       43.562700       2.5301054      0.96100003     0.025000000       1.0650001     0.020000000       5663.0000       60.000000 \citet{Lissauer2011} \citet{Lissauer2013}}
{ Kepler-11 e       8.0000000       1.8000000       4.1900000     0.080000000      0.59781262      0.13879802       31.999600      0.19500000    0.0020000000       27.525639       1.6578402      0.96100003     0.025000000       1.0650001     0.020000000       5663.0000       60.000000 \citet{Lissauer2011} \citet{Lissauer2013}}
{ Kepler-11 f       2.0000000      0.80000000       2.4900000     0.055000000      0.71211333      0.28872754       46.688800      0.25000000    0.0020000000       16.746808      0.98546817      0.96100003     0.025000000       1.0650001     0.020000000       5663.0000       60.000000 \citet{Lissauer2011} \citet{Lissauer2013}}
{ Kepler-12 b       137.28284       13.204613       18.999222      0.33626942      0.11003376     0.012089185       4.4379637     0.055634800   0.00092724600       797.39015       66.528379       1.1660000     0.052499998       1.4830000     0.027000001       5947.0000       100.00000 \citet{Borucki2011} \citet{Fortney2011}}
{ Kepler-14 b       2671.7031       93.303647       12.733402      0.71177028       7.1133142       1.2184502       6.7901230     0.080687900    0.0013448000       967.30050       104.53404       1.5120000     0.043000001       2.0480001     0.097999997       6395.0000       60.000000 \citet{Borucki2011} \citet{Bucchave2011}}
{ Kepler-15 b       210.53161       25.097882       10.760622      0.72858375      0.92880043      0.21875420       4.9427820     0.057138200   0.00095230300       252.44844       40.793702       1.0180000     0.037999999      0.99199998     0.064000003       5515.0000       126.00000 \citet{Borucki2011} \citet{Endl2011}}
{ Kepler-16 b       105.83295       5.0850658       8.4493297     0.027462003      0.96443129     0.047283582       228.77600      0.64679500     0.010780100      0.35412977     0.049205852      0.68970001    0.0034500000      0.64889997    0.0013000000       4450.0000       150.00000 \citet{Borucki2011} \citet{Doyle2011}}
{ Kepler-17 b       788.00340       32.431596       14.907944      0.44835923       1.3073503      0.12964884       1.4857108     0.026792300   0.00046193600       1539.0768       136.91190       1.1600000     0.059999999       1.0500000     0.029999999       5781.0000       85.000000 \citet{Borucki2011} \citet{Desert2011}}
{ Kepler-18 b       6.8996953       3.4822530       2.0000184     0.099984108       4.7407285       2.4960335       3.5047250     0.044729900   0.00074549800       462.24377       47.713629      0.97200000     0.041999999       1.1080000     0.050999999       5383.0000       44.000000 \citet{Borucki2011} \citet{Cochran2011}}
{ Kepler-18 c       17.299272       1.9053392       5.4899906      0.25999903      0.57468542      0.10330989       7.6415900     0.075211500    0.0012535300       163.49273       16.876020      0.97200000     0.041999999       1.1080000     0.050999999       5383.0000       44.000000 \citet{Borucki2011} \citet{Cochran2011}}
{ Kepler-18 d       16.399296       1.3975985       6.9799892      0.32999912      0.26508071     0.043862454       14.858880      0.11717100    0.0019528500       67.363820       6.9534144      0.97200000     0.041999999       1.1080000     0.050999999       5383.0000       44.000000 \citet{Borucki2011} \citet{Cochran2011}}
{ Kepler-20 b       8.4744639       2.1221060       1.9082953      0.16485272       6.7033613       2.4157334       3.6961219     0.045370400   0.00075617400       346.71061       62.698902      0.91200000     0.034000002      0.94400001     0.077500001       5466.0000       93.000000 \citet{Borucki2011} \citet{Gautier2012}}
{ Kepler-20 c       15.733748       3.3142234       3.0672591      0.25477229       2.9970773      0.97791317       10.854092     0.093041100    0.0015506800       82.444688       14.909237      0.91200000     0.034000002      0.94400001     0.077500001       5466.0000       93.000000 \citet{Borucki2011} \citet{Gautier2012}}
{ Kepler-20 d       7.5279527       7.2184734       2.7475454      0.23479004       1.9950759       1.9802482       77.611840      0.34532400    0.0057554000       5.9849266       1.0823099      0.91200000     0.034000002      0.94400001     0.077500001       5466.0000       93.000000 \citet{Borucki2011} \citet{Gautier2012}}
{ Kepler-36 b       4.4614755      0.30076257       1.4846743     0.034968769       7.4937995      0.73183803       13.839890      0.11542300    0.0019237200       217.36523       13.135806       1.0710000     0.043000001       1.6260000     0.018999999       5911.0000       66.000000 \citet{Borucki2011} \citet{Carter2012}}
{ Kepler-36 c       8.1008351      0.53136077       3.6757162     0.053951739      0.89664604     0.070837579       16.238550      0.12840100    0.0021400200       175.64589       10.614624       1.0710000     0.043000001       1.6260000     0.018999999       5911.0000       66.000000 \citet{Carter2012} \citet{Carter2012}}
{ Kepler-39 b       5778.0619       228.13258       13.674956       1.2329879       12.419997       3.3951076       21.087400      0.15500700    0.0030531700       111.61355       20.084026       1.1000000     0.064999998       1.3900000      0.10500000       6260.0000       140.00000 \citet{Borucki2011} \citet{Bouchy2011}}
{ Kepler-4 b       24.544302       4.0742501       4.0016061      0.21297063       2.1055465      0.48494874       3.2134600     0.045576300   0.00089438700       1123.9178       155.41805       1.2230000     0.071999997       1.4870000     0.077500001       5857.0000       120.00000 \citet{Borucki2010} \citet{Borucki2010}}
{ Kepler-40 b       691.83586       106.87156       13.114507      0.44835923       1.6860260      0.31262949       6.8734900     0.080664400    0.0013444200       1123.5936       100.87632       1.4800000     0.059999999       2.1300001     0.059999999       6510.0000       100.00000 \citet{Santerne2011} \citet{Santerne2011}}
{ Kepler-41 b       156.85655       22.623998       9.4267528      0.35868738       1.0292799      0.18932465       1.8555580     0.028953700   0.00092405600       1024.9477       118.90324      0.94000000     0.090000004      0.96600002     0.032000002       5660.0000       100.00000 \citet{Borucki2011} \citet{Santerne2011}}
{ Kepler-43 b       1027.0017       58.423910       13.450777      0.67253884       2.3197770      0.37215055       3.0240950     0.044929400    0.0010211200       1193.5500       171.93707       1.3200001     0.090000004       1.4200000     0.070000000       6041.0000       143.00000 \citet{Borucki2011} \citet{Bonomo2012}}
{ Kepler-44 b       324.51967       22.267980       13.899136      0.78462865      0.66434667      0.12139475       3.2467400     0.045485400    0.0012741000       1100.5706       176.88199       1.1900001      0.10000000       1.5200000     0.090000004       5757.0000       134.00000 \citet{Borucki2011} \citet{Bonomo2012}}
{ Kepler-45 b       162.56288       18.432442       10.760622       1.2329879      0.71717719      0.25959493       2.4552390     0.029881700    0.0010129400       65.118083       27.122109      0.58999997     0.059999999      0.55000001      0.11000000       3820.0000       90.000000 \citet{Borucki2011} \citet{Johnson2012}}
{ Kepler-5 b       672.70077       23.853185       16.040051      0.52121760      0.89602849     0.092947628       3.5484600     0.050641600   0.00084402700       1768.3587       136.89816       1.3740000     0.049500000       1.7930000     0.052499998       6297.0000       60.000000 \citet{Koch2010} \citet{Koch2010}}
{ Kepler-6 b       212.73872       9.8351211       14.829482      0.30824697      0.35857979     0.027835260       3.2347230     0.045608900   0.00076014900       848.62551       47.470494       1.2090000     0.041000001       1.3910000     0.022500001       5647.0000       44.000000 \citet{Dunham2010} \citet{Dunham2010}}
{ Kepler-68 b       8.3000000       2.3000000       2.3100000     0.030000000       3.7013429       1.0357614       5.3987630     0.061775000    0.0010295800       409.09176       27.915885       1.0790000     0.050999999       1.2430000     0.018999999       5793.0000       74.000000 \citet{Borucki2011} \citet{Gilliland2013}}
{ Kepler-68 c       4.3774684       2.8013500      0.95214911     0.039464691       27.875668       18.172590       9.6050850     0.090701900    0.0015117000       189.76385       12.949249       1.0790000     0.050999999       1.2430000     0.018999999       5793.0000       74.000000 \citet{Batalha2013} \citet{Gilliland2013}}
{ Kepler-7 b       139.12693       12.238641       16.566874      0.56605353      0.16819252     0.022718580       4.8855250     0.062236900    0.0010372800       974.85951       74.353213       1.3470000     0.063000001       1.8430001     0.057000000       5933.0000       44.000000 \citet{Latham2010} \citet{Latham2010}}
{ Kepler-77 b       136.96514       10.939375       10.760622      0.17934369      0.60424790     0.056937920       3.5787809     0.045019500   0.00075032500       402.82389       27.421500      0.94999999     0.039999999      0.99000001     0.020000000       5520.0000       60.000000 \citet{Gandolfi2013} \citet{Gandolfi2013}}
{ Kepler-8 b       186.15834       33.151133       15.905544      0.63891190      0.25430454     0.054681168       3.5225400     0.048327800   0.00086323400       1263.9759       162.80951       1.2130001     0.064999998       1.4859999     0.057500001       6213.0000       150.00000 \citet{Jenkins2010} \citet{Jenkins2010}}
{ OGLE-TR-182 b       325.60434       47.253292       12.666148       2.1297063      0.88079258      0.46231593       3.9791000     0.051351700   0.00085586200       544.56546       141.68206       1.1400000     0.050000001       1.1400000      0.14500000       5924.0000       64.000000 \citet{Pont2008} \citet{Pont2008}}
{ OGLE-TR-211 b       240.67535       47.398852       15.244214       1.5132124      0.37345105      0.13333150       3.6772400     0.051284200   0.00085473600       1468.4274       269.05646       1.3300000     0.050000001       1.6400000      0.14000000       6325.0000       91.000000 \citet{Udalski2008} \citet{Udalski2008}}
{ OGLE2-TR-L9 b       1453.8286       479.58527       18.046459      0.44835923       1.3597353      0.45985289       2.4855335     0.041327900   0.00072505000       2840.9973       202.58758       1.5200000     0.079999998       1.5300000     0.039999999       6933.0000       58.000000 \citet{Snellen2009} \citet{Snellen2009}}
{ Qatar-1 b       346.35339       27.021499       13.047254      0.50440413      0.85719434      0.11981691       1.4200330     0.023430800   0.00039051400       618.04171       76.652519      0.85000002     0.029999999      0.82300001     0.025000000       4861.0000       125.00000 \citet{Alsubai2011} \citet{Alsubai2011}}
{ Qatar-2 b       789.48613       27.593124       12.823074      0.39231433       2.0581889      0.20214006       1.3371182     0.021507700   0.00035846100       459.01179       34.085592      0.74000001     0.037000000      0.71300000     0.017999999       4645.0000       50.000000 \citet{Bryan2012} \citet{Bryan2012}}
{ TrES-1 b       239.15192       15.139735       11.959982      0.24099309      0.76842131     0.067261346       3.0300650     0.039251600   0.00065419400       283.74546       18.488478      0.87800002     0.039000001      0.80699998     0.016500000       5230.0000       50.000000 \citet{Alonso2004} \citet{Alonso2004}}
{ TrES-2 b       381.60660       16.603598       13.719792      0.45956821      0.81225130     0.088945692       2.4706300     0.035576500   0.00073590000       835.19668       70.919362      0.98299998     0.061000001       1.0030000     0.033000000       5850.0000       50.000000 \citet{O'Donovan2006} \citet{O'Donovan2006}}
{ TrES-4 b       292.47244       23.530061       19.985613       1.0032038      0.20139548     0.034384748       3.5539450     0.050924300   0.00084873900       1685.9246       153.99404       1.3940001     0.057999998       1.8160000     0.063500002       6200.0000       75.000000 \citet{Mandushev2007} \citet{Mandushev2007}}
{ TrES-5 b       565.10971       25.456507       13.551658      0.23538860       1.2481669     0.085975060       1.4822446     0.024515700   0.00040859500       800.45180       42.264968      0.89300001     0.024000000      0.86600000     0.013000000       5171.0000       36.000000 \citet{Mandushev2011} \citet{Mandushev2011}}
{ WASP-1 b       263.07771       16.146260       16.992815       1.6813471      0.29471704     0.089332384       2.5199449     0.038520300   0.00064200500       1939.3067       151.06161       1.2000000     0.029999999       1.5170000     0.048500001       6110.0000       45.000000 \citet{Collier-Cameron2007} \citet{Simpson2011}}
{ WASP-10 b       1014.2953       36.827318       12.105699      0.22417961       3.1427652      0.20857903       3.0927616     0.038453600   0.00064089300       141.38794       13.863328      0.79000002     0.025000000      0.69800001     0.012000000       4675.0000       100.00000 \citet{Christian2009} \citet{Johnson2009}}
{ WASP-11 b       171.54320       16.485243       10.200172      0.50440413      0.88852186      0.15705326       3.7224650     0.043646600   0.00072744300       136.90440       17.852088      0.80000001     0.025000000      0.74000001     0.035000000       4800.0000       100.00000 \citet{West2009,Bakos2009} \citet{West2009}}
{ WASP-12 b       432.43094       16.183794       20.064076       1.0088083      0.29429065     0.045736157       1.0914225     0.022532900   0.00037554900       7404.8297       1042.3912       1.2800000     0.050000001       1.6300000     0.079999998       6300.0000       150.00000 \citet{Hebb2009} \citet{Maciejewski2011}}
{ WASP-13 b       152.35661       19.599846       15.569274      0.56605353      0.22190820     0.037426882       4.3530110     0.053703500   0.00089505800       819.35131       73.707786       1.0900000     0.050000001       1.5120000     0.035999998       5826.0000       100.00000 \citet{Skillen2009} \citet{Skillen2009}}
{ WASP-14 b       2444.7528       93.146010       14.358704      0.87990499       4.5394826      0.85227574       2.2437520     0.036769300   0.00070170400       2010.1407       259.72324       1.3099999     0.075000003       1.3099999     0.070000000       6475.0000       100.00000 \citet{Joshi2009} \citet{Joshi2009}}
{ WASP-15 b       172.50984       6.6300359       15.457184      0.70056130      0.25676739     0.036280062       3.7521000     0.049943600   0.00083239400       1236.0993       149.60179       1.1799999     0.029999999       1.4770000     0.071999997       6300.0000       100.00000 \citet{West2009} \citet{Triaud2010}}
{ WASP-16 b       267.69486       10.159930       11.298653      0.79583763       1.0201810      0.21902356       3.1186009     0.041785800   0.00069643000       485.41600       77.465382       1.0000000     0.029999999      0.94599998     0.054499999       5700.0000       150.00000 \citet{Lister2009} \citet{Lister2009}}
{ WASP-17 b       161.62450       9.5599872       21.655751      0.85188254     0.087479162     0.011547773       3.7354330     0.049935400   0.00083225600       953.67525       144.13182       1.1900001     0.029999999       1.2000000     0.080499999       6550.0000       100.00000 \citet{Anderson2010} \citet{Triaud2010}}
{ WASP-18 b       3241.9111       106.66529       14.201779      0.59968047       6.2214276      0.81426226      0.94145290     0.020140100   0.00033566800       5487.4331       670.25168       1.2200000     0.029999999       1.2160000     0.060500000       6400.0000       100.00000 \citet{Hellier2009} \citet{Triaud2010}}
{ WASP-19 b       360.21046       12.504908       15.535647      0.35868738      0.52806262     0.040912693      0.78884000     0.016315200   0.00027192000       3022.9488       270.93538      0.93000001     0.020000000      0.99000001     0.020000000       5500.0000       100.00000 \citet{Hebb2010} \citet{Hellier2011}}
{ WASP-2 b       288.78691       11.131114       12.072072      0.63330741      0.90229634      0.14620164       2.1522254     0.031272900   0.00052121500       473.28796       103.30079      0.88000000     0.020000000      0.83999997     0.063500002       5200.0000       200.00000 \citet{Collier-Cameron2007} \citet{Triaud2010}}
{ WASP-21 b       95.431575       4.2513057       11.993609      0.67253884      0.30406018     0.052913424       4.3224820     0.052108700   0.00086847800       420.13903       45.178780       1.0100000     0.029999999       1.0599999     0.039999999       5800.0000       100.00000 \citet{Bouchy2010} \citet{Bouchy2010}}
{ WASP-22 b       177.67808       32.588915       12.554058      0.44835923      0.49362662      0.10485452       3.5326900     0.046868200    0.0042607400       676.09868       135.76213       1.1000000      0.30000001       1.1300000     0.029999999       6000.0000       100.00000 \citet{Maxted2010} \citet{Maxted2010}}
{ WASP-23 b       277.20770       29.801537       10.783039      0.57726251       1.2153430      0.23488173       2.9444256     0.037022000    0.0019776700       269.47710       45.840008      0.77999997      0.12500000      0.76499999     0.041000001       5150.0000       100.00000 \citet{Triaud2011} \citet{Triaud2011}}
{ WASP-24 b       346.73938       12.873988       14.571675      0.43154576      0.61601588     0.059317502       2.3412127     0.036515500   0.00060859200       1623.5907       143.01043       1.1840000     0.027000001       1.3310000     0.032000002       6075.0000       100.00000 \citet{Street2010} \citet{Simpson2011}}
{ WASP-25 b       183.84750       14.278229       13.674956      0.61649394      0.39518189     0.061631987       3.7648250     0.047371400   0.00078952300       369.91714       42.999373       1.0000000     0.029999999      0.92000002     0.039999999       5750.0000       100.00000 \citet{Enoch2011} \citet{Enoch2011}}
{ WASP-26 b       323.36714       10.686647       14.795855      0.89671846      0.54877318      0.10141178       2.7566000     0.039968600   0.00066614400       660.57223       81.927757       1.1200000     0.029999999       1.3400000     0.059999999       5059.0000       100.00000 \citet{Smalley2010} \citet{Smalley2010}}
{ WASP-29 b       77.226669       6.3970763       8.8775127      0.51000862      0.60675107      0.11602383       3.9227270     0.045658700   0.00076097900       149.21964       25.234314      0.82499999     0.033000000      0.80800003     0.044000000       4800.0000       150.00000 \citet{Hellier2010} \citet{Hellier2010}}
{ WASP-3 b       639.39717       29.746522       14.459585      0.95276336       1.1625734      0.23608984       1.8468340     0.031494800   0.00052491300       2604.2015       385.01578       1.2200000     0.039999999       1.3099999     0.085000001       6400.0000       100.00000 \citet{Pollacco2008} \citet{Tripathi2010}}
{ WASP-31 b       152.33865       10.426959       17.228203      0.67253884      0.16375980     0.022213393       3.4059090     0.046622300   0.00077703800       1020.5275       91.742485       1.1650000     0.026000001       1.2520000     0.033000000       6302.0000       102.00000 \citet{Anderson2011} \citet{Anderson2011}}
{ WASP-32 b       1097.6184       44.296961       12.329879      0.44835923       3.2187862      0.37439813       2.7186610     0.039031500   0.00065052400       994.45669       88.787969       1.0700001     0.050000001       1.0900000     0.029999999       6140.0000       95.000000 \citet{Maxted2010} \citet{Brown2012}}
{ WASP-34 b       185.39956       9.0735689       13.674956       1.0648532      0.39851806     0.095117510       4.3176782     0.052074700    0.0012030500       302.28417       82.039259       1.0100000     0.070000000      0.93000001      0.12000000       5700.0000       100.00000 \citet{Smalley2011} \citet{Smalley2011}}
{ WASP-35 b       227.90581       18.668007       14.795855      0.33626942      0.38676966     0.041219890       3.1615750     0.043128300   0.00071880600       737.77763       53.770536       1.0700001     0.020000000       1.0900000     0.020000000       5990.0000       80.000000 \citet{Enoch2011} \citet{Enoch2011}}
{ WASP-36 b       721.21886       28.318414       14.224197      0.33626942       1.3775298      0.11167037       1.5373653     0.026260100   0.00043766800       1383.9654       147.47168       1.0200000     0.032000002      0.94300002     0.018999999       5881.0000       136.50000 \citet{Smith2012} \citet{Smith2012}}
{ WASP-37 b       570.04235       52.860212       13.002418      0.72858375       1.4254499      0.27366292       3.5774690     0.044631200    0.0019300000       512.77469       87.848287      0.92500001      0.12000000       1.0030000     0.052999999       5800.0000       150.00000 \citet{Simpson2011} \citet{Simpson2011}}
{ WASP-38 b       860.96938       31.785475       12.217789      0.22417961       2.5949381      0.17199184       6.8718800     0.075845400    0.0012640900       414.78507       22.855955       1.2300000     0.039999999       1.3500000     0.020000000       6180.0000       50.000000 \citet{Barros2011} \citet{Brown2012}}
{ WASP-39 b       90.367627       9.9707652       14.235406      0.44835923      0.17219499     0.025013929       4.0552590     0.048583500   0.00080972500       258.90077       32.849199      0.93000001     0.029999999      0.89499998     0.023000000       5400.0000       150.00000 \citet{Faedi2011} \citet{Faedi2011}}
{ WASP-4 b       388.72542       15.018678       15.031243      0.29143350      0.62918071     0.043934424       1.3382299     0.023040600   0.00042198800       1291.9491       160.61739      0.91000003     0.050000001      0.91399997     0.021500001       5500.0000       150.00000 \citet{Wilson2008} \citet{Triaud2010}}
{ WASP-41 b       296.36184       18.702522       13.450777      0.67253884      0.66941792      0.10893735       3.0524010     0.040495900    0.0012788200       390.96578       65.950266      0.94999999     0.090000004      0.89999998     0.050000001       5450.0000       150.00000 \citet{Maxted2011} \citet{Maxted2011}}
{ WASP-42 b       157.94460       10.813520       11.915147      0.57165802      0.51324389     0.081803762       4.9816877     0.054734400    0.0017292200       158.20506       24.553950      0.88099998     0.083499998      0.85000002     0.035000000       5200.0000       150.00000 \citet{Lendl2012} \citet{Lendl2012}}
{ WASP-43 b       564.47179       32.884485       10.424352      0.89671846       2.7391272      0.72465928      0.81347500     0.014236300   0.00040909000       593.34686       135.96936      0.57999998     0.050000001      0.59799999     0.037999999       4400.0000       200.00000 \citet{Hellier2011} \citet{Hellier2011}}
{ WASP-44 b       282.80466       20.568900       12.778238       1.2329879      0.74505923      0.22237857       2.4238039     0.034737100   0.00057895200       547.33251       219.94517      0.95099998     0.034000002      0.92699999     0.062500000       5410.0000       510.00000 \citet{Anderson2012} \citet{Anderson2012}}
{ WASP-45 b       319.90297       16.547535       13.002418       2.3538860      0.79995048      0.43642194       3.1260876     0.040545900   0.00089210000       340.18256       79.135603      0.90899998     0.059999999      0.94499999     0.079000004       5140.0000       200.00000 \citet{Anderson2012} \citet{Anderson2012}}
{ WASP-46 b       668.15170       27.947077       14.683765      0.57165802       1.1600588      0.14391439       1.4303700     0.024492100   0.00040820100       1254.6475       167.43280      0.95599997     0.034000002      0.91700000     0.028000001       5620.0000       160.00000 \citet{Anderson2012} \citet{Anderson2012}}
{ WASP-47 b       361.18611       17.922473       12.890328      0.33626942      0.92695002     0.085896928       4.1591399     0.052011200   0.00086685300       372.96391       34.362179       1.0840000     0.037000000       1.1500000     0.025000000       5400.0000       100.00000 \citet{Hellier2012} \citet{Hellier2012}}
{ WASP-48 b       312.80671       27.488181       18.718998      0.89671846      0.26214733     0.044158781       2.1436340     0.034488000   0.00057480100       2837.3751       378.37449       1.1900001     0.039999999       1.7500000     0.070000000       5920.0000       150.00000 \citet{Enoch2011} \citet{Enoch2011}}
{ WASP-49 b       120.20818       8.3456735       12.498014      0.52682209      0.33847626     0.048829303       2.7817387     0.037897200    0.0010504600       585.23104       81.528160      0.93800002     0.078000002      0.97600001     0.034000002       5600.0000       150.00000 \citet{Lendl2012} \citet{Lendl2012}}
{ WASP-5 b       516.20768       17.506292       12.778238      0.78462865       1.3599680      0.25473050       1.6284229     0.027192300   0.00045320600       1526.8698       239.12675       1.0100000     0.039999999       1.0260000     0.058499999       5880.0000       150.00000 \citet{Anderson2008} \citet{Triaud2010}}
{ WASP-50 b       467.96787       27.946981       12.923955      0.53803108       1.1916450      0.16496591       1.9550959     0.029471400   0.00084801700       624.21771       74.404905      0.89200002     0.077000000      0.84299999     0.030999999       5400.0000       100.00000 \citet{Gillon2011} \citet{Gillon2011}}
{ WASP-52 b       145.29455       7.0612813       14.235406      0.33626942      0.27685793     0.023790373       1.7497798     0.027133600   0.00045222700       475.34534       47.711991      0.87000000     0.029999999      0.79000002     0.020000000       5000.0000       100.00000 \citet{Hebrard2013} \citet{Hebrard2013}}
{ WASP-54 b       201.09201       8.6520805       18.528445      0.96957683      0.17377810     0.028286998       3.6936411     0.049881000   0.00083135000       1672.1230       199.70720       1.2130001     0.032000002       1.8279999     0.086000003       6100.0000       100.00000 \citet{Faedi2013} \citet{Faedi2013}}
{ WASP-55 b       181.52856       12.008637       14.571675      0.44835923      0.32250296     0.036624912       4.4656330     0.053257500   0.00088762400       430.67338       38.357698       1.0100000     0.039999999       1.0599999     0.025000000       5900.0000       100.00000 \citet{Hellier2012} \citet{Hellier2012}}
{ WASP-56 b       192.40155       12.861689       12.240207      0.38110534      0.57671262     0.066242837       4.6171010     0.056145000   0.00093575000       346.12212       31.105595       1.1070000     0.024000000       1.1120000     0.024000000       5600.0000       100.00000 \citet{Faedi2013} \citet{Faedi2013}}
{ WASP-57 b       214.80803       16.644215       10.267426      0.17373920       1.0908948      0.10105240       2.8389710     0.038636200   0.00064393700       413.11002       118.22741      0.95400000     0.027000001      0.83600003      0.11500000       5600.0000       100.00000 \citet{Faedi2013} \citet{Faedi2013}}
{ WASP-58 b       283.29525       22.669732       15.356304       2.2417961      0.43002765      0.19145123       5.0171800     0.056202200    0.0019929800       440.01439       112.28057      0.94000000      0.10000000       1.1700000      0.13000000       5800.0000       150.00000 \citet{Hebrard2013} \citet{Hebrard2013}}
{ WASP-59 b       273.03489       14.292944       8.6869601      0.76221069       2.2894536      0.61444507       7.9195850     0.069686600    0.0011614400       32.621688       6.3899246      0.71899998     0.035000000      0.61299998     0.044000000       4650.0000       150.00000 \citet{Hebrard2013} \citet{Hebrard2013}}
{ WASP-6 b       165.69683       6.5151770       13.719792      0.57726251      0.35268642     0.046627927       3.3610060     0.042870400   0.00071450700       326.46259       34.878016      0.93000001     0.020000000      0.87000000     0.030500000       5450.0000       100.00000 \citet{Gillon2009} \citet{Gillon2009}}
{ WASP-61 b       653.08206       24.979750       13.899136      0.33626942       1.3369695      0.10968804       3.8559000     0.051448900   0.00098399600       956.61141       107.48812       1.2200000     0.070000000       1.3600000     0.029999999       6250.0000       150.00000 \citet{Hellier2012} \citet{Hellier2012}}
{ WASP-62 b       178.69858       13.313560       15.580483      0.67253884      0.25971408     0.038800970       4.4119530     0.056718700   0.00094531100       688.35016       68.326941       1.2500000     0.050000001       1.2800000     0.050000001       6230.0000       80.000000 \citet{Hellier2012} \citet{Hellier2012}}
{ WASP-63 b       120.16541       10.066619       16.028842      0.89671846      0.16039475     0.030086547       4.3780800     0.057459200   0.00095765400       911.29362       106.07314       1.3200001     0.050000001       1.8800000     0.079999998       5550.0000       100.00000 \citet{Hellier2012} \citet{Hellier2012}}
{ WASP-64 b       404.06489       24.161849       14.246615      0.43715025      0.76812740     0.084317589       1.5732918     0.026519500   0.00044199200       1354.8850       166.11513       1.0039999     0.028000001       1.0580000     0.025000000       5550.0000       150.00000 \citet{Gillon2013} \citet{Gillon2013}}
{ WASP-66 b       735.25622       42.053176       15.580483       1.0088083       1.0685949      0.21637996       4.0860520     0.054622100   0.00098039700       1747.4506       247.94521       1.3000000     0.070000000       1.7500000     0.090000004       6600.0000       150.00000 \citet{Hellier2012} \citet{Hellier2012}}
{ WASP-67 b       133.26370       10.476094       15.692573       2.8022452      0.18955994      0.10263749       4.6144200     0.051791400   0.00086319000       185.10853       23.033789      0.87000000     0.039999999      0.87000000     0.039999999       5200.0000       100.00000 \citet{Hellier2012} \citet{Hellier2012}}
{ WASP-7 b       292.16195       40.347772       10.256217      0.48198617       1.4886039      0.29378036       4.9546580     0.060457300    0.0010076200       629.14268       69.588151       1.2000000     0.029999999       1.2359999     0.052499998       6400.0000       100.00000 \citet{Hellier2009} \citet{Hellier2009}}
{ WASP-72 b       447.39520       18.862861       11.321071       1.6813471       1.6949075      0.75853035       2.2167260     0.036575000   0.00060958400       2992.4954       487.88882       1.3270000     0.039000001       1.7100000      0.12500000       6250.0000       100.00000 \citet{Gillon2013} \citet{Gillon2013}}
{ WASP-77 A b       37.998648       6.8840031       13.562867      0.22417961     0.083720311     0.015725027       1.3600309     0.024040600   0.00040067600       1295.5576       95.932926       1.0020000     0.045000002      0.95499998     0.015000000       5500.0000       80.000000 \citet{Maxted2013} \citet{Maxted2013}}
{ WASP-78 b       280.94908       25.613190       19.055267       1.2329879      0.22320280     0.047868037       2.1751766     0.036139100   0.00081516900       4603.6246       707.38424       1.3300000     0.090000004       2.2000000      0.12000000       6100.0000       150.00000 \citet{Smalley2012} \citet{Smalley2012}}
{ WASP-79 b       282.06663       26.571948       19.055267       1.2329879      0.22409065     0.048351757       3.6623817     0.053474100   0.00089123600       1601.2764       191.50056       1.5200000     0.070000000       1.6400000     0.079999998       6600.0000       100.00000 \citet{Smalley2012} \citet{Smalley2012}}
{ WASP-8 b       679.48067       25.383186       11.634922      0.30264248       2.3713947      0.20516248       8.1587150     0.080153000    0.0014915200       129.00478       14.779965       1.0300000     0.057500001      0.94499999     0.043499999       5600.0000       80.000000 \citet{Queloz2010} \citet{Queloz2010}}
{ WASP-80 b       175.35962       11.241809       10.670950      0.29703799      0.79330016     0.083516774       3.0678504     0.034469600   0.00099050700       72.675443       9.1225091      0.57999998     0.050000001      0.57099998     0.016000001       4145.0000       100.00000 \citet{Triaud2013} \citet{Triaud2013}}
{ XO-1 b       291.90283       25.251261       13.518031      0.49879964      0.64955387     0.091254705       3.9415340     0.049283000   0.00094375100       352.25788       34.597721       1.0270000     0.059000000      0.93400002     0.034499999       5750.0000       75.000000 \citet{McCullough2006} \citet{McCullough2006}}
{ XO-2 b       180.05563       17.974563       11.018428      0.31945595      0.73988625     0.097964067       2.6158380     0.036836700   0.00061394500       506.91124       44.427585      0.97399998     0.033000000      0.97100002     0.026500000       5340.0000       80.000000 \citet{Burke2007} \citet{Burke2007}}
{ XO-3 b       4222.1383       141.15698       13.641330      0.81825559       9.1428063       1.6734081       3.1915426     0.047711200   0.00079518800       3039.3461       239.96267       1.4100000    0.0040000002       2.0789800     0.067001097       6429.0000       50.000000 \citet{Johns-Krull2008} \citet{Winn2009}}
{ XO-5 b       366.28571       28.015947       11.545250      0.61649394       1.3083595      0.23225638       4.1877537     0.050865100   0.00084775100       352.39927       34.308446       1.0000000     0.029999999       1.0500000     0.045000002       5510.0000       44.000000 \citet{Burke2008} \citet{Burke2008}}
{ KOI-94 b       9.3999996       4.5000000       1.7700000      0.17000000       9.3180538       5.2064349       3.7432080     0.051190000   0.00067000000       1155.3745       219.29947       1.2700000     0.050000000       1.5200000      0.14000000       6182.0000       58.000000 \citet{Weiss2013} \citet{Weiss2013}}
{ KOI-94 c       8.3000002       5.5000000       4.2800002      0.40000001      0.58192082      0.41870619       10.423648      0.10130000    0.0013000000       295.03541       55.979540       1.2700000     0.050000000       1.5200000      0.14000000       6182.0000       58.000000 \citet{Borucki2011} \citet{Weiss2013}}
{ KOI-94 d       105.00000       12.000000       11.400000       1.0500000      0.38957578      0.11649009       22.342989      0.16840000    0.0022000000       106.76007       20.263213       1.2700000     0.050000000       1.5200000      0.14000000       6182.0000       58.000000 \citet{Borucki2011} \citet{Weiss2013}}
{ KOI-94 e       38.000000       18.000000       6.6400000      0.62000000      0.71350418      0.39265051       54.320320      0.30460000    0.0040000000       32.631214       6.1940617       1.2700000     0.050000000       1.5200000      0.14000000       6182.0000       58.000000 \citet{Borucki2011} \citet{Weiss2013}}
{ Kic843       1.7800000      0.30000000       1.2000000     0.090000000       5.6623072       1.5918084      0.35416666     0.010321061    0.0025802651       3093.3884       7682.7410      0.81000000     0.050000001      0.74000001      0.89999998       5089.0000       50.000000 \citet{Sanchis-Ojeda(2013)} \citet{Sanchis-Ojeda(2013)}}
{ KOI-41.01      0.85000000       4.0000000       2.2000000     0.050000000      0.43880144       2.0651647       12.815900      0.10367056    0.0057594756       213.37091       28.531850       1.0800000     0.060000000       1.4900000     0.040000000       5825.0000       75.000000 \citet{Borucki2011} \citet{Marcy2013}}
{ KOI-41.02       7.3400000       3.2000000       1.3200000     0.040000000       17.542498       7.8124594       6.8870500     0.069641782    0.0038689879       472.83145       63.226782       1.0800000     0.060000000       1.4900000     0.040000000       5825.0000       75.000000 \citet{Borucki2011} \citet{Marcy2013}}
{ KOI-41.03      -4.3600000       4.1000000       1.6100000     0.050000000      -5.7428308      -5.4268088       35.333100      0.20270183     0.011261213       55.812406       7.4632068       1.0800000     0.060000000       1.4900000     0.040000000       5825.0000       75.000000 \citet{Borucki2011} \citet{Marcy2013}}
{ KOI-69.01       2.5900000       2.0000000       1.5000000     0.030000000       4.2183552       3.2672354       4.7267400     0.059691922    0.0039357311       220.12035       32.708451      0.91000000     0.060000000      0.92000000     0.020000000       5669.0000       75.000000 \citet{Borucki2011} \citet{Marcy2013}}
{ KOI-82.01       8.9300000       2.0000000       2.2200000     0.070000000       4.4865209       1.0907699       16.145700      0.12818898    0.0032047244       17.278240       1.4153812      0.80000000     0.020000000      0.74000000     0.020000000       4903.0000       44.000000 \citet{Borucki2011} \citet{Marcy2013}}
{ KOI-82.02       3.8000000       1.8000000       1.1800000     0.040000000       12.713196       6.1592592       10.311700     0.095419148    0.0023854787       31.183854       2.5544872      0.80000000     0.020000000      0.74000000     0.020000000       4903.0000       44.000000 \citet{Borucki2011} \citet{Marcy2013}}
{ KOI-82.03      0.62000000       3.3000000      0.88000000     0.030000000       5.0010458       26.623383       27.453600      0.18550923    0.0046377308       8.2503011      0.67583975      0.80000000     0.020000000      0.74000000     0.020000000       4903.0000       44.000000 \citet{Borucki2011} \citet{Marcy2013}}
{ KOI-82.04      -1.5800000       2.0000000      0.58000000     0.020000000      -44.513349      -56.533861       7.0714200     0.074383805    0.0018595951       51.314970       4.2035674      0.80000000     0.020000000      0.74000000     0.020000000       4903.0000       44.000000 \citet{Borucki2011} \citet{Marcy2013}}
{ KOI-82.05      0.41000000       1.6000000      0.47000000     0.020000000       21.707382       84.757048       5.2869600     0.060175768    0.0015043942       78.407495       6.4229052      0.80000000     0.020000000      0.74000000     0.020000000       4903.0000       44.000000 \citet{Borucki2011} \citet{Marcy2013}}
{ KOI-104.01       10.840000       1.4000000       3.5100000      0.15000000       1.3779235      0.25075410       2.5080600     0.035514551    0.0013153538       214.67395       27.135928      0.81000000     0.030000000      0.76000000     0.030000000       4781.0000       78.000000 \citet{Borucki2011} \citet{Marcy2013}}
{ KOI-108.01       14.110000       4.7000000       3.3700000     0.090000000       2.0265367      0.69428532       15.965400      0.13222742    0.0084916690       124.19665       18.921181       1.0900000     0.070000000       1.4400000     0.040000000       5845.0000       88.000000 \citet{Borucki2011} \citet{Marcy2013}}
{ KOI-108.02       36.400000       25.300000       5.1300000      0.14000000       1.4820623       1.0372364       179.61200      0.61671900     0.039605808       5.7092391      0.86979441       1.0900000     0.070000000       1.4400000     0.040000000       5845.0000       88.000000 \citet{Borucki2011} \citet{Marcy2013}}
{ KOI-116.01       10.440000       3.2000000       2.5000000      0.32000000       3.6728030       1.8045632       13.570800      0.11631751    0.0069790506       84.462474       29.952231       1.0000000     0.060000000       1.0400000      0.17000000       5858.0000       98.000000 \citet{Borucki2011} \citet{Marcy2013}}
{ KOI-116.02       11.170000       5.8000000       2.5600000      0.33000000       3.6597417       2.3694386       43.844500      0.27026520     0.016215912       15.644935       5.5480342       1.0000000     0.060000000       1.0400000      0.17000000       5858.0000       98.000000 \citet{Borucki2011} \citet{Marcy2013}}
{ KOI-116.03      0.15000000       2.8000000      0.82000000      0.11000000       1.4954327       27.921230       6.1648600     0.069136595    0.0041481957       239.07712       84.781949       1.0000000     0.060000000       1.0400000      0.17000000       5858.0000       98.000000 \citet{Borucki2011} \citet{Marcy2013}}
{ KOI-116.04      -6.3900000       7.0000000      0.95000000      0.13000000      -40.968230      -47.927018       23.980200      0.16274527    0.0097647164       43.145671       15.300394       1.0000000     0.060000000       1.0400000      0.17000000       5858.0000       98.000000 \citet{Borucki2011} \citet{Marcy2013}}
{ KOI-122.01       13.000000       2.9000000       3.4200000     0.090000000       1.7864143      0.42272770       11.523100      0.10148048    0.0075170723       182.70806       30.498940       1.0800000     0.080000000       1.4100000     0.040000000       5699.0000       74.000000 \citet{Borucki2011} \citet{Marcy2013}}
{ KOI-123.01       1.3000000       5.4000000       2.3700000     0.070000000      0.53680367       2.2303071       6.4816300     0.066408498    0.0038312595       444.87918       62.167293       1.0400000     0.060000000       1.3200000     0.040000000       5952.0000       75.000000 \citet{Borucki2011} \citet{Marcy2013}}
{ KOI-123.02       2.2200000       7.8000000       2.5200000     0.070000000      0.76255033       2.6799844       21.222700      0.14375882    0.0082937780       94.933700       13.266009       1.0400000     0.060000000       1.3200000     0.040000000       5952.0000       75.000000 \citet{Borucki2011} \citet{Marcy2013}}
{ KOI-148.01       3.9400000       2.1000000       1.8800000      0.10000000       3.2594163       1.8134415       4.7780000     0.055332762    0.0012575628       168.93240       21.226002      0.88000000     0.020000000      0.89000000     0.050000000       5194.0000       43.000000 \citet{Borucki2011} \citet{Marcy2013}}
{ KOI-148.02       14.610000       2.3000000       2.7100000      0.14000000       4.0351484      0.89141495       9.6739500     0.047933848    0.0010894056       225.10910       28.284487      0.88000000     0.020000000      0.89000000     0.050000000       5194.0000       43.000000 \citet{Borucki2011} \citet{Marcy2013}}
{ KOI-148.03       7.9300000       4.6000000       2.0400000      0.11000000       5.1345200       3.0920538       42.896100      0.19541181    0.0044411776       13.544907       1.7018892      0.88000000     0.020000000      0.89000000     0.050000000       5194.0000       43.000000 \citet{Borucki2011} \citet{Marcy2013}}
{ KOI-153.01      -4.6000000       6.2000000       2.1900000     0.060000000      -2.4073689      -3.2507421       8.9250700     0.064623987    0.0017233063       50.980934       4.4422350      0.75000000     0.020000000      0.69000000     0.020000000       4725.0000       44.000000 \citet{Borucki2011} \citet{Marcy2013}}
{ KOI-153.02       7.1000000       3.3000000       1.8200000     0.050000000       6.4738308       3.0559034       4.7540000     0.057684076    0.0015382420       63.985770       5.5754143      0.75000000     0.020000000      0.69000000     0.020000000       4725.0000       44.000000 \citet{Borucki2011} \citet{Marcy2013}}
{ KOI-244.01       24.600000       5.7000000       5.2000000     0.090000000      0.96170581      0.22836066       12.720400     0.099411212    0.0050123300       240.78635       28.122724       1.1900000     0.060000000       1.3100000     0.020000000       6270.0000       79.000000 \citet{Borucki2011} \citet{Marcy2013}}
{ KOI-244.02       9.6000000       4.2000000       2.7100000     0.050000000       2.6514322       1.1692483       6.2385000     0.059717405    0.0030109616       667.26870       77.933874       1.1900000     0.060000000       1.3100000     0.020000000       6270.0000       79.000000 \citet{Borucki2011} \citet{Marcy2013}}
{ KOI-245.01       1.8700000       9.0800000       1.9400000     0.060000000       1.4078409       6.8371813       39.792200      0.24373904     0.021327166       7.7100367       1.5374503      0.80000000     0.070000000      0.77000000     0.030000000       5417.0000       75.000000 \citet{Borucki2011} \citet{Marcy2013}}
{ KOI-245.02       3.3500000       4.0000000      0.75000000     0.030000000       43.649390       52.381219       21.302000      0.16767739     0.014671772       16.291370       3.2486449      0.80000000     0.070000000      0.77000000     0.030000000       5417.0000       75.000000 \citet{Borucki2011} \citet{Marcy2013}}
{ KOI-245.03       2.7800000       3.7000000      0.32000000     0.020000000       466.35005       626.81070       13.367500      0.11070735    0.0096868933       37.372635       7.4524378      0.80000000     0.070000000      0.77000000     0.030000000       5417.0000       75.000000 \citet{Borucki2011} \citet{Marcy2013}}
{ KOI-246.01       5.9700000       1.7000000       2.3300000     0.020000000       2.5943211      0.74176597       5.3987500     0.064320750    0.0029778125       375.53043       45.035032       1.0800000     0.050000000       1.2400000     0.020000000       5793.0000       100.00000 \citet{Borucki2011} \citet{Marcy2013}}
{ KOI-246.02       2.1800000       3.5000000       1.0000000     0.020000000       11.983223       19.252550       9.6050400     0.083997477    0.0038887721       220.19875       26.407068       1.0800000     0.050000000       1.2400000     0.020000000       5793.0000       100.00000 \citet{Borucki2011} \citet{Marcy2013}}
{ KOI-261.01       8.4600000       3.4000000       2.6700000      0.22000000       2.4431703       1.1527518       16.238500      0.11502724    0.0023005448       73.949947       13.566466       1.0000000     0.020000000       1.0200000     0.090000000       5690.0000       43.000000 \citet{Borucki2011} \citet{Marcy2013}}
{ KOI-283.01       16.130000       3.5000000       2.4100000      0.20000000       6.3343259       2.0919178       16.092000      0.11779239    0.0023096547       71.655860       14.366981       1.0200000     0.020000000       1.0300000      0.10000000       5685.0000       44.000000 \citet{Borucki2011} \citet{Marcy2013}}
{ KOI-283.02       8.2500000       5.9000000      0.84000000     0.070000000       76.512652       57.965173       25.516900      0.18550731    0.0036373983       28.891102       5.7926584       1.0200000     0.020000000       1.0300000      0.10000000       5685.0000       44.000000 \citet{Borucki2011} \citet{Marcy2013}}
{ KOI-292.01       3.5100000       1.9000000       1.4800000      0.13000000       5.9516740       3.5831671       2.5866400     0.033594726    0.0010721721       851.55082       167.60134      0.94000000     0.030000000      0.98000000     0.090000000       5779.0000       44.000000 \citet{Borucki2011} \citet{Marcy2013}}
{ KOI-299.01       3.5500000       1.6000000       1.9900000      0.22000000       2.4762032       1.3856377       1.5416800     0.025647951   0.00051814042       1581.8158       351.38464      0.99000000     0.020000000       1.1100000      0.12000000       5539.0000       43.000000 \citet{Borucki2011} \citet{Marcy2013}}
{ KOI-305.01       6.1500000       1.3000000       1.4800000     0.080000000       10.428147       2.7782541       4.6035800     0.052597949    0.0019973905       90.372489       14.858337      0.79000000     0.030000000      0.73000000     0.040000000       4782.0000       115.00000 \citet{Borucki2011} \citet{Marcy2013}}
{ KOI-321.01       6.3500000       1.4000000       1.4300000     0.030000000       11.936659       2.7368333       2.4262900     0.036806778    0.0013759543       713.20373       63.780934       1.0700000     0.040000000       1.0700000     0.020000000       5538.0000       44.000000 \citet{Borucki2011} \citet{Marcy2013}}
{ KOI-321.02       2.7100000       1.8000000      0.85000000     0.030000000       24.256586       16.314813       4.6233200     0.057572233    0.0021522330       291.50303       26.068758       1.0700000     0.040000000       1.0700000     0.020000000       5538.0000       44.000000 \citet{Borucki2011} \citet{Marcy2013}}
{ KOI-1442.01     0.060000000       1.2000000       1.0700000     0.020000000      0.26922605       5.3845422      0.66931000     0.015024448   0.00030048895       3645.7705       540.05222       1.0000000     0.020000000       1.0100000     0.070000000       5476.0000       46.000000 \citet{Borucki2011} \citet{Marcy2013}}
{ KOI-1612.01      0.48000000       3.2000000      0.82000000     0.030000000       4.7853846       31.906887       2.4650200     0.033372100    0.0021630065       1691.9640       248.29205       1.0800000     0.070000000       1.2300000     0.030000000       6104.0000       74.000000 \citet{Borucki2011} \citet{Marcy2013}}
{ KOI-1925.01       2.6900000       6.2000000       1.1900000     0.030000000       8.7746249       20.234928       68.958400      0.32008150     0.020874881       6.1648040      0.91547108      0.92000000     0.060000000      0.89000000     0.020000000       5460.0000       75.000000 \citet{Borucki2011} \citet{Marcy2013}}
